34.144092, 73.209902
34.137435, 73.220661
34.14921, 73.207981
34.143334, 73.218636
34.136988, 73.218851
34.146557, 73.214959
34.152124, 73.213127
34.154911, 73.212065
34.141688, 73.213757
34.149541, 73.201914
27.942946, 69.31699
27.936498, 69.315908
27.944032, 69.312963
27.931609, 69.309885
27.94075, 69.31592
27.936388, 69.313582
27.945655, 69.315881
27.943301, 69.313608
27.944577, 69.320542
27.929082, 69.324534
29.141958, 71.256429
29.135793, 71.254947
29.146854, 71.260907
29.146121, 71.257832
29.14241, 71.265759
29.151146, 71.248045
29.146528, 71.262484
29.150578, 71.259263
29.145353, 71.248856
29.138901, 71.249313
30.68689, 71.745354
30.682091, 71.735329
30.676498, 71.744136
30.680259, 71.738509
30.674744, 71.740016
30.687367, 71.734956
30.675464, 71.734543
30.683072, 71.749801
30.679074, 71.733906
30.677868, 71.742008
33.995067, 72.121132
33.998921, 72.117086
34.008267, 72.123839
34.010647, 72.130363
34.000125, 72.132513
34.006892, 72.130743
33.993804, 72.12569
34.010641, 72.133706
34.000987, 72.117704
34.002611, 72.134963
36.298424, 74.610724
36.309263, 74.616014
36.313638, 74.618356
36.304067, 74.610248
36.315465, 74.621571
36.313832, 74.615752
36.300019, 74.607028
36.29734, 74.617847
36.310287, 74.625363
36.305001, 74.613663
30.496189, 67.516845
30.488602, 67.51701
30.499134, 67.521364
30.497182, 67.519729
30.482499, 67.51455
30.497243, 67.5143
30.493809, 67.524163
30.487807, 67.531267
30.4947, 67.526135
30.481393, 67.513396
29.391232, 70.901315
29.374748, 70.906062
29.380951, 70.901489
29.390954, 70.916214
29.374665, 70.910761
29.375012, 70.910773
29.378749, 70.91187
29.378956, 70.917985
29.379124, 70.918672
29.381183, 70.905061
33.527525, 70.336248
33.532731, 70.337004
33.530843, 70.355672
33.543778, 70.345445
33.529653, 70.349225
33.531826, 70.350714
33.531804, 70.351665
33.541389, 70.338955
33.526618, 70.339961
33.531438, 70.337786
34.916294, 72.632214
34.925564, 72.636321
34.924164, 72.639965
34.928486, 72.633702
34.92525, 72.639753
34.918658, 72.636739
34.922624, 72.631695
34.91416, 72.626504
34.921188, 72.625048
34.914433, 72.622659
34.000141, 71.922812
34.000469, 71.930399
34.0043, 71.921207
34.011281, 71.935759
34.008767, 71.9201
34.013813, 71.920073
33.996779, 71.922383
34.014614, 71.935671
34.000224, 71.93949
33.997286, 71.933198
34.184294, 73.085769
34.185241, 73.091507
34.190579, 73.086383
34.189904, 73.095145
34.181975, 73.090152
34.189051, 73.086096
34.186612, 73.097818
34.182493, 73.095537
34.195603, 73.09827
34.193849, 73.087493
30.296635, 73.061225
30.283161, 73.074225
30.294385, 73.067847
30.283056, 73.065658
30.280927, 73.069543
30.290917, 73.0615
30.291535, 73.068385
30.282507, 73.056247
30.281601, 73.066942
30.282865, 73.058602
34.104123, 72.24743
34.10409, 72.246444
34.11159, 72.236413
34.103418, 72.244262
34.103532, 72.250591
34.107531, 72.240347
34.097772, 72.23611
34.112669, 72.235237
34.112076, 72.235519
34.106179, 72.251259
34.579503, 73.901026
34.563366, 73.902111
34.570612, 73.902351
34.569382, 73.888793
34.576551, 73.90694
34.563011, 73.893254
34.572073, 73.89895
34.563403, 73.892847
34.571657, 73.901302
34.574683, 73.890137
33.775096, 72.358848
33.760195, 72.353023
33.770199, 72.353316
33.771422, 72.36768
33.769592, 72.366973
33.760518, 72.361367
33.776036, 72.361707
33.765359, 72.364872
33.769807, 72.364748
33.75694, 72.350615
26.462204, 65.229755
26.456246, 65.240127
26.46087, 65.236643
26.447011, 65.240901
26.464071, 65.239021
26.463159, 65.238337
26.466015, 65.236183
26.454419, 65.227971
26.462806, 65.239235
26.463934, 65.239219
31.991177, 74.658659
31.997967, 74.672806
31.999715, 74.661158
31.991178, 74.656448
31.98407, 74.656764
31.991621, 74.65877
31.988407, 74.673109
31.991602, 74.66694
32.000089, 74.667508
31.997174, 74.656554
24.650693, 68.833442
24.665552, 68.840377
24.664622, 68.843585
24.653012, 68.844956
24.665474, 68.845754
24.655808, 68.839524
24.664718, 68.832973
24.654294, 68.837043
24.652948, 68.835449
24.653974, 68.84022
34.431164, 73.215567
34.443226, 73.223888
34.427892, 73.229755
34.432043, 73.223596
34.428653, 73.232281
34.435521, 73.22037
34.43119, 73.226593
34.440347, 73.216713
34.44013, 73.221165
34.435147, 73.21501
27.758895, 68.752724
27.763588, 68.764799
27.75289, 68.76188
27.759906, 68.749848
27.744388, 68.751333
27.745608, 68.768512
27.753937, 68.753388
27.746971, 68.75116
27.752598, 68.763308
27.756524, 68.748779
33.972251, 73.778114
33.981154, 73.775495
33.9902, 73.774356
33.975823, 73.78081
33.986091, 73.777835
33.975912, 73.775186
33.980084, 73.767053
33.973242, 73.76633
33.983689, 73.77969
33.99051, 73.766111
29.999866, 73.256458
29.992507, 73.252368
29.995838, 73.254467
29.996195, 73.259099
29.999278, 73.256872
30.004894, 73.255337
29.989367, 73.247508
30.007412, 73.261976
29.993497, 73.253353
29.989959, 73.259766
30.55205, 73.386492
30.553349, 73.395378
30.55803, 73.384351
30.548905, 73.385528
30.541578, 73.3916
30.552226, 73.390189
30.551666, 73.382435
30.552172, 73.394633
30.544646, 73.399131
30.547882, 73.388877
29.398141, 71.684866
29.403719, 71.677919
29.398651, 71.678452
29.396118, 71.666681
29.388769, 71.684624
29.402039, 71.678524
29.398387, 71.678181
29.401941, 71.665691
29.395819, 71.673059
29.397725, 71.676417
30.738453, 70.840091
30.739043, 70.830558
30.745615, 70.829425
30.741982, 70.844157
30.733426, 70.831698
30.726999, 70.843738
30.73228, 70.845433
30.734894, 70.837774
30.728806, 70.835261
30.740917, 70.831465
26.591119, 68.303191
26.594637, 68.295653
26.596663, 68.294047
26.592393, 68.306987
26.586068, 68.295807
26.580173, 68.299873
26.594784, 68.306395
26.587985, 68.308957
26.578035, 68.307834
26.590859, 68.295478
32.985718, 70.598383
32.977938, 70.606461
32.982133, 70.59759
32.989133, 70.598055
32.981322, 70.594218
32.983644, 70.603684
32.978475, 70.612226
32.978384, 70.609436
32.986732, 70.594197
32.991212, 70.603121
36.32484, 74.700963
36.329767, 74.702789
36.316958, 74.686276
36.323505, 74.688717
36.315508, 74.703807
36.312844, 74.700122
36.322349, 74.689143
36.318513, 74.695774
36.329105, 74.69683
36.315914, 74.700197
29.90497, 69.53044
29.903812, 69.528296
29.893257, 69.520784
29.899091, 69.520716
29.888914, 69.52013
29.895362, 69.516829
29.903486, 69.528778
29.901222, 69.531394
29.897099, 69.523152
29.906026, 69.533694
30.577806, 73.848134
30.576906, 73.839951
30.573408, 73.838771
30.571023, 73.837327
30.569404, 73.843762
30.583221, 73.836253
30.577286, 73.845263
30.572084, 73.843433
30.569695, 73.837782
30.574486, 73.840262
30.789613, 70.871443
30.792764, 70.870876
30.790444, 70.866611
30.794213, 70.860876
30.784382, 70.859408
30.780466, 70.86733
30.787132, 70.862429
30.786974, 70.865867
30.796129, 70.865831
30.785079, 70.87275
34.619417, 71.962859
34.625091, 71.979016
34.623797, 71.96271
34.615919, 71.979477
34.623156, 71.97427
34.619369, 71.972852
34.624605, 71.978642
34.625362, 71.979575
34.618414, 71.97935
34.615776, 71.973514
34.676526, 73.021053
34.676386, 73.014144
34.685369, 73.013443
34.678889, 73.033051
34.687114, 73.017038
34.670421, 73.029394
34.673549, 73.029416
34.66925, 73.022093
34.676653, 73.017786
34.678389, 73.013606
32.429874, 74.269678
32.438004, 74.259855
32.428288, 74.27432
32.43066, 74.277365
32.432235, 74.258908
32.4314, 74.260605
32.43175, 74.271373
32.443491, 74.272524
32.43192, 74.273192
32.448111, 74.272577
26.233687, 66.316489
26.218043, 66.312305
26.223047, 66.308416
26.225218, 66.3141
26.217883, 66.305065
26.221647, 66.313024
26.229819, 66.308932
26.230923, 66.320124
26.236231, 66.317369
26.224239, 66.320476
25.789411, 68.812742
25.780484, 68.808476
25.793361, 68.801029
25.779802, 68.815966
25.786652, 68.800219
25.789177, 68.817237
25.77767, 68.803737
25.777078, 68.81051
25.785547, 68.797611
25.792649, 68.798134
29.033605, 67.832421
29.046075, 67.826517
29.046398, 67.816694
29.033652, 67.829953
29.040643, 67.828286
29.046818, 67.824344
29.035972, 67.818439
29.049093, 67.831638
29.046246, 67.821915
29.04217, 67.817969
31.623329, 71.06423
31.619349, 71.067263
31.633245, 71.073903
31.62936, 71.066243
31.622661, 71.066597
31.624782, 71.060807
31.630592, 71.064383
31.635615, 71.061604
31.625468, 71.061649
31.624607, 71.055378
32.272063, 72.904774
32.261193, 72.895772
32.259552, 72.898986
32.264036, 72.897496
32.264723, 72.894306
32.274478, 72.899784
32.257781, 72.889455
32.259339, 72.89608
32.273896, 72.898873
32.265555, 72.89187
26.561605, 67.715841
26.561256, 67.716895
26.562115, 67.727075
26.561431, 67.714077
26.562056, 67.715283
26.551409, 67.716488
26.56807, 67.716048
26.563231, 67.72554
26.563377, 67.711421
26.552408, 67.71924
31.577015, 72.6551
31.567494, 72.643725
31.563676, 72.648645
31.569545, 72.655042
31.567247, 72.653779
31.562368, 72.656361
31.560943, 72.649765
31.572715, 72.658977
31.563562, 72.646939
31.572989, 72.641205
32.483269, 72.902554
32.490843, 72.901643
32.486938, 72.911584
32.483349, 72.909504
32.479729, 72.908559
32.48164, 72.915528
32.481031, 72.90406
32.473236, 72.908489
32.480426, 72.903275
32.477719, 72.908658
32.966252, 74.083526
32.971033, 74.071074
32.9721, 74.082991
32.969565, 74.084018
32.972478, 74.075308
32.98112, 74.071212
32.979635, 74.084708
32.975612, 74.069211
32.971682, 74.085542
32.965982, 74.087313
26.901643, 68.18914
26.919965, 68.202578
26.904843, 68.20005
26.910421, 68.194318
26.917648, 68.204505
26.900422, 68.194213
26.914393, 68.198003
26.901038, 68.198913
26.911731, 68.190288
26.903928, 68.189076
25.812005, 68.48233
25.814414, 68.501352
25.798071, 68.495859
25.806745, 68.499882
25.804788, 68.496136
25.812683, 68.487245
25.810213, 68.497298
25.814147, 68.485329
25.805602, 68.486773
25.809435, 68.493559
32.437248, 74.373409
32.420321, 74.368568
32.425143, 74.366688
32.439459, 74.368773
32.420229, 74.353756
32.425751, 74.364145
32.423455, 74.360806
32.428825, 74.368951
32.429881, 74.356161
32.437245, 74.370651
27.191171, 68.641849
27.173948, 68.632675
27.19026, 68.637225
27.191833, 68.643317
27.189192, 68.627961
27.176827, 68.638603
27.174476, 68.626172
27.175175, 68.645619
27.175714, 68.630357
27.179845, 68.63467
24.862293, 68.330408
24.870935, 68.335991
24.870372, 68.327934
24.860757, 68.341239
24.862745, 68.327194
24.870966, 68.327243
24.862116, 68.330809
24.872608, 68.328003
24.864422, 68.329319
24.868463, 68.336478
27.861266, 68.828594
27.848511, 68.838191
27.859899, 68.84283
27.852279, 68.829827
27.858359, 68.828988
27.85901, 68.841625
27.867103, 68.829553
27.866238, 68.834461
27.864309, 68.829592
27.863041, 68.843082
30.75869, 73.029548
30.756769, 73.030335
30.752366, 73.023645
30.760283, 73.024488
30.742937, 73.025717
30.749609, 73.023055
30.755795, 73.036802
30.746397, 73.037152
30.755964, 73.027125
30.7586, 73.026646
31.540451, 73.833697
31.535653, 73.8302
31.540843, 73.833091
31.545298, 73.829498
31.538334, 73.831385
31.536576, 73.819474
31.537878, 73.824919
31.548689, 73.828393
31.541851, 73.837685
31.544084, 73.829361
31.558276, 73.178747
31.577207, 73.192594
31.57074, 73.192676
31.572805, 73.184697
31.57619, 73.175509
31.574043, 73.183232
31.572938, 73.178279
31.564819, 73.192703
31.563661, 73.185156
31.577128, 73.188485
30.431367, 73.048655
30.432513, 73.038546
30.425471, 73.037259
30.42287, 73.044012
30.419424, 73.050058
30.425293, 73.049013
30.436035, 73.044936
30.422027, 73.052338
30.438928, 73.051306
30.433995, 73.051169
30.428242, 72.704938
30.428431, 72.694261
30.418563, 72.690027
30.432887, 72.701839
30.426348, 72.687616
30.423152, 72.695885
30.424445, 72.699195
30.428853, 72.700451
30.426281, 72.702285
30.426745, 72.70513
31.179377, 71.211197
31.167933, 71.211059
31.185263, 71.213039
31.178452, 71.201566
31.181236, 71.211048
31.183985, 71.198699
31.170426, 71.204888
31.18516, 71.21205
31.179511, 71.196891
31.177245, 71.214405
32.941893, 72.850419
32.923315, 72.856759
32.941349, 72.856074
32.925491, 72.861794
32.932245, 72.856727
32.94212, 72.856199
32.931279, 72.846642
32.926916, 72.858648
32.935616, 72.85882
32.94273, 72.855111
30.916165, 66.455167
30.908618, 66.460571
30.923479, 66.450065
30.920779, 66.458555
30.92379, 66.455004
30.927513, 66.445962
30.917493, 66.458487
30.924028, 66.460475
30.909241, 66.44866
30.913921, 66.459433
25.301567, 68.802943
25.299036, 68.802435
25.295691, 68.805038
25.288426, 68.81038
25.298615, 68.802075
25.292627, 68.808406
25.292244, 68.807758
25.301048, 68.803168
25.298927, 68.807647
25.287407, 68.817547
34.152071, 71.741894
34.157688, 71.750049
34.144627, 71.743753
34.149424, 71.732374
34.145327, 71.74969
34.150138, 71.734705
34.143003, 71.747952
34.154384, 71.746411
34.145717, 71.744444
34.151808, 71.748312
32.335312, 74.695957
32.3379, 74.710177
32.354008, 74.713246
32.340896, 74.714547
32.339704, 74.713137
32.349044, 74.709839
32.34231, 74.699138
32.338333, 74.700743
32.351793, 74.701208
32.347607, 74.703367
31.755651, 72.909372
31.749634, 72.904813
31.745515, 72.913981
31.750196, 72.907539
31.764023, 72.911814
31.764522, 72.917729
31.749905, 72.916647
31.758187, 72.913332
31.749837, 72.908092
31.764644, 72.90871
33.823488, 71.883683
33.825583, 71.894116
33.814529, 71.884775
33.819431, 71.89918
33.819819, 71.886752
33.820555, 71.901869
33.815971, 71.888375
33.815358, 71.888925
33.824958, 71.901318
33.820687, 71.89449
25.513124, 69.785659
25.505414, 69.786817
25.514169, 69.783362
25.508731, 69.782417
25.506364, 69.785032
25.520865, 69.775994
25.509594, 69.781788
25.506442, 69.790703
25.516498, 69.78709
25.52027, 69.793575
30.521054, 72.683954
30.521169, 72.693798
30.533543, 72.688409
30.527748, 72.685017
30.523977, 72.682587
30.521415, 72.700806
30.525498, 72.689754
30.527033, 72.689485
30.523474, 72.695211
30.521304, 72.681551
35.408847, 74.10201
35.408108, 74.096625
35.421076, 74.109998
35.409843, 74.098265
35.419135, 74.097109
35.416931, 74.108528
35.415077, 74.10446
35.404281, 74.097521
35.407639, 74.106108
35.403307, 74.10269
31.722865, 72.970543
31.723792, 72.969598
31.728707, 72.972513
31.717733, 72.984369
31.711488, 72.985313
31.716969, 72.96958
31.720837, 72.970185
31.728334, 72.9832
31.72984, 72.987009
31.726696, 72.980608
29.802655, 72.857867
29.80209, 72.867042
29.791734, 72.86624
29.799683, 72.858602
29.802768, 72.86626
29.79952, 72.851557
29.802352, 72.858404
29.799293, 72.855708
29.806951, 72.866949
29.805227, 72.859454
35.850861, 71.792785
35.857849, 71.786281
35.845988, 71.781473
35.853679, 71.79226
35.853307, 71.781591
35.84239, 71.788811
35.858719, 71.783674
35.848895, 71.778084
35.86111, 71.780583
35.858954, 71.789218
32.723856, 72.995897
32.71314, 72.995514
32.726945, 72.982987
32.710341, 72.985136
32.712842, 72.98181
32.720174, 72.977104
32.719159, 72.985119
32.727277, 72.976997
32.72113, 72.993853
32.72686, 72.981251
28.027686, 67.917509
28.014483, 67.917168
28.016713, 67.914628
28.027598, 67.920587
28.014824, 67.922624
28.027172, 67.917449
28.022079, 67.921561
28.024768, 67.926329
28.026846, 67.930651
28.018498, 67.929368
31.751564, 73.793039
31.741635, 73.807474
31.740235, 73.791272
31.743186, 73.798788
31.753492, 73.809975
31.74565, 73.801461
31.751781, 73.809388
31.745844, 73.790213
31.751355, 73.804555
31.757303, 73.79115
24.384914, 67.988816
24.399303, 67.98777
24.400867, 67.990161
24.400465, 67.995956
24.391807, 67.99897
24.403275, 67.990515
24.384809, 67.991501
24.394168, 67.984765
24.396239, 67.993605
24.388726, 68.001602
30.970594, 73.985806
30.971629, 73.98122
30.971389, 73.976245
30.963002, 73.981234
30.967447, 73.988145
30.974534, 73.974595
30.972136, 73.981279
30.960663, 73.977848
30.957572, 73.987259
30.963796, 73.981111
29.465691, 67.653162
29.477058, 67.652372
29.470758, 67.643408
29.472395, 67.65209
29.478374, 67.650374
29.472557, 67.659098
29.472507, 67.645419
29.466646, 67.648084
29.466229, 67.647076
29.465726, 67.641776
26.740072, 67.78023
26.724776, 67.78274
26.736758, 67.786049
26.727873, 67.773245
26.721126, 67.775669
26.736287, 67.768868
26.726823, 67.782399
26.734424, 67.769227
26.732337, 67.785379
26.736001, 67.785679
34.520557, 72.489428
34.512839, 72.486433
34.520185, 72.485024
34.516176, 72.493786
34.509705, 72.481555
34.516589, 72.482086
34.502131, 72.482792
34.516096, 72.487011
34.503256, 72.477488
34.509476, 72.483235
30.578205, 70.936961
30.580387, 70.94164
30.565625, 70.930827
30.562714, 70.939951
30.560869, 70.930406
30.580506, 70.934997
30.575981, 70.942205
30.568715, 70.927848
30.568778, 70.92827
30.57683, 70.931046
29.550834, 70.383314
29.551635, 70.368605
29.55534, 70.375494
29.553966, 70.384255
29.567416, 70.38514
29.557143, 70.375056
29.54934, 70.383707
29.560555, 70.378775
29.565378, 70.367693
29.552415, 70.386069
28.884276, 64.404793
28.878867, 64.399664
28.898213, 64.399059
28.884947, 64.402637
28.882757, 64.411424
28.893948, 64.405229
28.896566, 64.412635
28.897524, 64.405571
28.878975, 64.404477
28.890695, 64.401744
32.634738, 72.984868
32.639663, 72.982347
32.640729, 72.968492
32.631819, 72.972535
32.645673, 72.979899
32.63316, 72.965402
32.648512, 72.984385
32.642695, 72.967482
32.649359, 72.968849
32.634236, 72.982205
24.801734, 68.17626
24.803653, 68.184273
24.784563, 68.18371
24.786555, 68.176546
24.799446, 68.185992
24.786712, 68.181425
24.798687, 68.186869
24.799057, 68.186143
24.785432, 68.170136
24.785445, 68.18876
31.781079, 71.102752
31.785402, 71.09845
31.794084, 71.108539
31.781425, 71.100179
31.789142, 71.098547
31.785798, 71.103812
31.783328, 71.109218
31.781389, 71.108365
31.785461, 71.097851
31.774571, 71.10871
26.678101, 68.289869
26.684242, 68.294196
26.671363, 68.284706
26.674588, 68.289592
26.668264, 68.287428
26.679608, 68.295082
26.670431, 68.292017
26.680432, 68.29532
26.677534, 68.285394
26.686242, 68.290437
32.32237, 74.357593
32.330841, 74.35789
32.333247, 74.358272
32.33013, 74.345359
32.323792, 74.359308
32.322261, 74.34975
32.315681, 74.351404
32.329946, 74.347889
32.315495, 74.360007
32.324568, 74.348413
35.292671, 73.289513
35.297304, 73.293441
35.284307, 73.295641
35.282689, 73.293408
35.300579, 73.283795
35.292377, 73.294614
35.301644, 73.284322
35.288091, 73.294774
35.291675, 73.291454
35.289942, 73.297792
32.871841, 71.567597
32.8846, 71.572045
32.867247, 71.56489
32.87631, 71.561529
32.878495, 71.571431
32.87862, 71.579148
32.882433, 71.568964
32.880972, 71.567036
32.875071, 71.570749
32.881072, 71.571906
26.509589, 67.967421
26.493234, 67.97551
26.500727, 67.961173
26.4968, 67.964137
26.499914, 67.963993
26.499008, 67.970065
26.50307, 67.969572
26.501725, 67.980033
26.496026, 67.971907
26.503973, 67.966888
33.191247, 73.140653
33.190121, 73.142835
33.190433, 73.140024
33.200035, 73.144014
33.18735, 73.139202
33.189237, 73.133916
33.188122, 73.147725
33.18347, 73.135687
33.198355, 73.140742
33.189566, 73.136521
26.446348, 68.321762
26.445393, 68.321111
26.4565, 68.32527
26.450193, 68.325772
26.447844, 68.313916
26.465217, 68.325617
26.46249, 68.314364
26.45502, 68.323999
26.453137, 68.324048
26.456772, 68.32709
28.377647, 68.360072
28.363831, 68.341866
28.370368, 68.351022
28.365128, 68.350107
28.37788, 68.357705
28.378096, 68.341337
28.373906, 68.34597
28.378662, 68.356148
28.366019, 68.358471
28.378783, 68.346755
29.045579, 69.164789
29.033893, 69.151802
29.033207, 69.16325
29.045272, 69.15507
29.030014, 69.1668
29.041947, 69.152511
29.041864, 69.167186
29.04195, 69.152664
29.031947, 69.154424
29.036552, 69.159662
30.051591, 70.645958
30.038307, 70.64717
30.055672, 70.648278
30.048802, 70.636442
30.04646, 70.649741
30.047198, 70.633399
30.046652, 70.632923
30.045239, 70.63907
30.036827, 70.639409
30.050601, 70.640585
31.837286, 70.902531
31.826301, 70.907557
31.832609, 70.903884
31.837202, 70.897376
31.833873, 70.896614
31.841144, 70.902514
31.83146, 70.896901
31.840125, 70.90001
31.837517, 70.892462
31.836717, 70.899203
28.536689, 68.23208
28.543014, 68.22708
28.555313, 68.223823
28.538272, 68.216487
28.541309, 68.231077
28.543437, 68.23015
28.546047, 68.21669
28.549792, 68.226538
28.549899, 68.228633
28.539584, 68.223017
29.570372, 71.745566
29.583875, 71.752273
29.577275, 71.753996
29.584766, 71.761228
29.571248, 71.748102
29.584328, 71.75939
29.572094, 71.742517
29.575172, 71.749449
29.575073, 71.751486
29.579197, 71.752719
32.413476, 74.145846
32.412705, 74.129327
32.415546, 74.138628
32.406356, 74.145881
32.408793, 74.132727
32.401338, 74.127787
32.397748, 74.138033
32.403739, 74.139459
32.409599, 74.143137
32.400025, 74.131234
25.506438, 69.569945
25.502012, 69.572124
25.501359, 69.578328
25.500158, 69.578558
25.512246, 69.56894
25.511752, 69.561043
25.496021, 69.572993
25.507746, 69.572251
25.510149, 69.565905
25.51118, 69.577738
25.159969, 69.115212
25.164628, 69.108073
25.15398, 69.108415
25.153281, 69.103624
25.148192, 69.120042
25.160337, 69.102176
25.152016, 69.119521
25.154614, 69.106054
25.157674, 69.119808
25.159366, 69.110242
31.223241, 72.992793
31.219168, 73.004596
31.218172, 72.990554
31.223102, 72.996898
31.211495, 72.987678
31.226016, 72.997848
31.217249, 72.987521
31.224278, 73.001844
31.225882, 72.988465
31.217428, 73.003386
29.764603, 73.272822
29.760976, 73.25637
29.77245, 73.257195
29.771605, 73.263421
29.767383, 73.273108
29.768479, 73.256065
29.756851, 73.26159
29.770788, 73.267503
29.774797, 73.258736
29.767903, 73.263871
32.631546, 73.720582
32.637426, 73.724359
32.648008, 73.718036
32.650768, 73.721507
32.643146, 73.723508
32.64528, 73.718758
32.632345, 73.710579
32.641885, 73.729684
32.644925, 73.72612
32.650291, 73.725804
30.670004, 73.655188
30.674138, 73.644062
30.667084, 73.652868
30.678835, 73.656351
30.67641, 73.662923
30.665173, 73.653545
30.670697, 73.655327
30.671558, 73.660843
30.674727, 73.654565
30.677476, 73.660763
24.466228, 69.58233
24.466759, 69.580416
24.475699, 69.574114
24.467885, 69.587481
24.476317, 69.587648
24.46286, 69.574141
24.46065, 69.57212
24.456938, 69.575717
24.469572, 69.576847
24.469666, 69.583378
33.431314, 70.742574
33.426486, 70.74202
33.422687, 70.738162
33.431948, 70.72711
33.421079, 70.746737
33.416097, 70.731669
33.427664, 70.728827
33.416316, 70.729591
33.433888, 70.728683
33.43146, 70.739261
27.381266, 68.099346
27.377343, 68.097476
27.365422, 68.088864
27.373314, 68.105733
27.364452, 68.099953
27.377905, 68.097258
27.376848, 68.091133
27.37689, 68.09462
27.370756, 68.09712
27.375815, 68.089368
30.147272, 68.56889
30.147208, 68.580303
30.150668, 68.581871
30.158568, 68.572253
30.158586, 68.574649
30.158694, 68.56668
30.15779, 68.581516
30.149658, 68.571458
30.145138, 68.567548
30.152574, 68.575563
31.826031, 71.42849
31.829774, 71.430939
31.831587, 71.443977
31.833819, 71.442462
31.839878, 71.43068
31.832611, 71.436999
31.830446, 71.444915
31.839425, 71.431612
31.842913, 71.4314
31.82811, 71.439014
29.757413, 73.239818
29.759732, 73.23917
29.751151, 73.23678
29.741191, 73.251739
29.754489, 73.250286
29.751616, 73.233829
29.751668, 73.240464
29.748928, 73.252018
29.752343, 73.2383
29.753538, 73.248408
29.797008, 71.750738
29.794292, 71.733842
29.812515, 71.753025
29.79837, 71.734228
29.803971, 71.744267
29.805005, 71.745385
29.801388, 71.736822
29.807144, 71.74534
29.808103, 71.751508
29.797831, 71.739704
35.344355, 74.85947
35.352839, 74.848866
35.350936, 74.847461
35.351149, 74.856408
35.344582, 74.84943
35.345585, 74.852087
35.346565, 74.864969
35.350216, 74.858733
35.337231, 74.864929
35.352077, 74.858691
32.049088, 74.253244
32.03926, 74.264089
32.034176, 74.268356
32.034151, 74.266327
32.04645, 74.252475
32.044395, 74.251456
32.037355, 74.258833
32.034747, 74.252189
32.043609, 74.262231
32.035199, 74.254495
31.415775, 73.094661
31.409221, 73.084173
31.40784, 73.085929
31.41698, 73.081968
31.406822, 73.093074
31.409829, 73.091479
31.406925, 73.09028
31.405937, 73.080214
31.420403, 73.085929
31.424217, 73.084999
29.46609, 73.044371
29.470197, 73.026588
29.467409, 73.033721
29.476988, 73.041711
29.477076, 73.043372
29.468824, 73.034796
29.463097, 73.044762
29.469035, 73.042027
29.470173, 73.041289
29.464698, 73.032666
31.876786, 72.420743
31.880645, 72.422828
31.896278, 72.420112
31.87789, 72.405455
31.88117, 72.408816
31.895168, 72.408905
31.888265, 72.41991
31.882943, 72.421367
31.892947, 72.406789
31.894531, 72.409474
32.181517, 75.060789
32.182182, 75.063656
32.178587, 75.059614
32.174481, 75.069177
32.177865, 75.061189
32.182982, 75.057067
32.178652, 75.055845
32.166791, 75.062087
32.180179, 75.056621
32.177097, 75.060045
29.194991, 72.861976
29.193697, 72.860395
29.196566, 72.852999
29.199664, 72.859467
29.190858, 72.859264
29.195403, 72.850961
29.19666, 72.848996
29.195958, 72.850216
29.185561, 72.860717
29.18676, 72.861857
25.12323, 66.729928
25.128313, 66.723462
25.115814, 66.737477
25.127795, 66.721337
25.120592, 66.731805
25.113664, 66.727342
25.117546, 66.735032
25.12759, 66.738338
25.114094, 66.735454
25.117893, 66.722566
36.185355, 73.758238
36.182059, 73.760891
36.181759, 73.767891
36.178992, 73.756658
36.167239, 73.766104
36.170514, 73.760253
36.176565, 73.753991
36.168613, 73.767968
36.174109, 73.759273
36.182113, 73.7556
27.341742, 68.519677
27.3552, 68.514067
27.346953, 68.523239
27.342216, 68.530459
27.355714, 68.528727
27.345612, 68.526317
27.342827, 68.511975
27.351974, 68.524708
27.343444, 68.530885
27.35437, 68.519909
28.618837, 67.495556
28.620245, 67.494546
28.606306, 67.477636
28.613308, 67.485036
28.609827, 67.479903
28.603291, 67.481154
28.614743, 67.495409
28.606849, 67.485724
28.60887, 67.494448
28.621553, 67.476796
30.835557, 71.913199
30.825461, 71.904272
30.841059, 71.90795
30.833861, 71.900904
30.824223, 71.903601
30.841916, 71.895717
30.833367, 71.911541
30.839559, 71.906732
30.839638, 71.897327
30.842885, 71.909252
28.059252, 67.977111
28.058276, 67.989506
28.053433, 67.98754
28.059437, 67.974272
28.055781, 67.974654
28.054891, 67.986245
28.062558, 67.977721
28.054523, 67.972115
28.06347, 67.977314
28.058089, 67.982323
27.911843, 68.521681
27.90844, 68.51411
27.900974, 68.511534
27.910104, 68.513777
27.899359, 68.519581
27.915931, 68.505783
27.90651, 68.506303
27.91627, 68.502182
27.915548, 68.503088
27.910382, 68.511945
24.732701, 67.57581
24.741666, 67.576719
24.748705, 67.582692
24.7447, 67.58852
24.741376, 67.586441
24.735067, 67.57761
24.747376, 67.594671
24.751158, 67.579266
24.743285, 67.5924
24.744114, 67.583021
28.131704, 69.087797
28.132239, 69.088521
28.141901, 69.072722
28.141294, 69.0731
28.144266, 69.091343
28.137886, 69.091816
28.147737, 69.079683
28.132687, 69.077607
28.130243, 69.083436
28.136798, 69.078037
28.003679, 69.31741
28.014296, 69.312393
28.002633, 69.324922
28.004042, 69.320406
28.000798, 69.322031
27.99783, 69.316583
28.004742, 69.316397
28.001535, 69.30805
27.997839, 69.30898
28.006014, 69.319164
35.912747, 74.305171
35.915366, 74.321321
35.916896, 74.311477
35.910133, 74.316004
35.912545, 74.312105
35.921168, 74.30377
35.920905, 74.303225
35.918534, 74.304889
35.910868, 74.30316
35.915719, 74.321144
31.157754, 72.691251
31.159242, 72.681593
31.146544, 72.678484
31.149579, 72.686516
31.139899, 72.683041
31.142228, 72.690271
31.148857, 72.674675
31.144644, 72.677067
31.14334, 72.688952
31.148694, 72.683121
27.443544, 68.079489
27.435077, 68.084118
27.435186, 68.072363
27.43146, 68.071171
27.437429, 68.07639
27.431056, 68.071548
27.428277, 68.071762
27.429173, 68.070755
27.428337, 68.078291
27.432746, 68.078557
26.881762, 67.678043
26.8748, 67.692166
26.874572, 67.691374
26.872454, 67.673636
26.889365, 67.679503
26.885857, 67.677527
26.880702, 67.686349
26.882152, 67.677109
26.878744, 67.68451
26.885494, 67.689282
27.192195, 67.94548
27.20745, 67.961963
27.196091, 67.950859
27.192244, 67.947833
27.192793, 67.959776
27.202652, 67.963469
27.202506, 67.945837
27.192373, 67.949272
27.205267, 67.958488
27.189665, 67.94916
33.251199, 73.296852
33.256974, 73.307387
33.255415, 73.312517
33.245605, 73.310378
33.248817, 73.302147
33.261132, 73.312731
33.261762, 73.301735
33.258947, 73.299547
33.252662, 73.309094
33.263721, 73.311668
32.154636, 74.181449
32.16284, 74.190997
32.148172, 74.196936
32.157318, 74.180471
32.164918, 74.178576
32.15442, 74.184461
32.157383, 74.17803
32.154445, 74.188972
32.156223, 74.191982
32.15099, 74.194117
32.572413, 74.065781
32.569741, 74.082262
32.579823, 74.06738
32.575232, 74.078256
32.564332, 74.081105
32.564997, 74.067021
32.583408, 74.083705
32.57747, 74.078675
32.574825, 74.072765
32.566589, 74.084243
32.674002, 70.342291
32.661329, 70.334904
32.666121, 70.340346
32.675598, 70.332655
32.675603, 70.33752
32.677592, 70.334022
32.675876, 70.33258
32.674485, 70.339836
32.67406, 70.344529
32.666323, 70.334583
25.128753, 62.331042
25.120188, 62.318136
25.113362, 62.316765
25.124757, 62.326925
25.129725, 62.333314
25.121086, 62.331095
25.129986, 62.334327
25.129998, 62.328993
25.121376, 62.331241
25.128825, 62.317388
32.638568, 74.578897
32.641084, 74.565015
32.631057, 74.559276
32.64784, 74.568661
32.631959, 74.574054
32.642168, 74.575315
32.639931, 74.566064
32.634846, 74.560607
32.633252, 74.562548
32.63489, 74.571491
32.068088, 73.687496
32.072585, 73.679813
32.07801, 73.68034
32.069074, 73.679199
32.069172, 73.693355
32.062535, 73.687417
32.070011, 73.695076
32.061372, 73.678544
32.068719, 73.691398
32.074978, 73.683234
25.812145, 68.423411
25.814388, 68.423627
25.811253, 68.427805
25.80795, 68.431134
25.815627, 68.424977
25.820224, 68.41407
25.814842, 68.431486
25.820754, 68.426818
25.807545, 68.425706
25.819931, 68.429463
33.523337, 71.061258
33.52981, 71.054301
33.523586, 71.064576
33.523771, 71.06522
33.53268, 71.069355
33.527186, 71.060437
33.534222, 71.060956
33.528612, 71.06001
33.529663, 71.054915
33.537826, 71.052278
33.999392, 72.930891
34.007597, 72.935907
33.998267, 72.944852
33.989381, 72.94038
34.006072, 72.934697
34.004235, 72.940399
34.000638, 72.934942
34.00234, 72.93953
34.004809, 72.942969
33.999416, 72.935352
30.101532, 67.935637
30.109566, 67.936562
30.103535, 67.929822
30.107825, 67.933147
30.100568, 67.940556
30.105366, 67.937037
30.105914, 67.931168
30.101313, 67.942343
30.092062, 67.939456
30.110671, 67.942206
32.278026, 71.552997
32.2742, 71.554063
32.284372, 71.548142
32.272759, 71.559485
32.269428, 71.545876
32.279993, 71.561096
32.283307, 71.559155
32.273614, 71.563066
32.269982, 71.545192
32.279976, 71.544564
29.615215, 73.136542
29.607056, 73.138623
29.611923, 73.130139
29.610551, 73.139746
29.604322, 73.131531
29.616803, 73.144432
29.609111, 73.131158
29.606298, 73.13779
29.61542, 73.130602
29.614274, 73.143945
29.701447, 72.543122
29.688367, 72.545795
29.692078, 72.539715
29.694304, 72.541434
29.682772, 72.53956
29.698703, 72.545513
29.682465, 72.536334
29.699079, 72.53811
29.688898, 72.539242
29.699416, 72.55543
34.174832, 73.737714
34.175389, 73.742493
34.172524, 73.748078
34.163986, 73.747798
34.175526, 73.744181
34.16432, 73.738813
34.16313, 73.75038
34.177801, 73.743844
34.169607, 73.73889
34.167594, 73.740189
30.444147, 73.695564
30.460351, 73.692572
30.451164, 73.69615
30.445891, 73.68853
30.459981, 73.697781
30.446628, 73.68515
30.459198, 73.6847
30.454559, 73.698078
30.459517, 73.688153
30.452102, 73.69999
34.045373, 73.162316
34.043737, 73.150957
34.049884, 73.162917
34.048054, 73.167226
34.059752, 73.163223
34.052093, 73.153585
34.054061, 73.157328
34.058023, 73.162625
34.054056, 73.161689
34.059731, 73.159032
33.904814, 72.484961
33.909981, 72.483217
33.91287, 72.497367
33.914148, 72.501511
33.917998, 72.497635
33.912745, 72.496728
33.905922, 72.487491
33.904499, 72.494097
33.907938, 72.489539
33.914467, 72.488665
27.219347, 68.418232
27.214613, 68.42132
27.213108, 68.41511
27.220496, 68.419696
27.207985, 68.409952
27.205719, 68.414139
27.203963, 68.410638
27.203215, 68.425136
27.213896, 68.408746
27.209904, 68.412718
30.748343, 73.829038
30.751619, 73.815808
30.739336, 73.832648
30.749349, 73.830736
30.744481, 73.82866
30.737305, 73.820428
30.750541, 73.82745
30.75057, 73.829245
30.74052, 73.827311
30.746027, 73.819697
25.391982, 68.37075
25.398768, 68.370513
25.38292, 68.373314
25.399502, 68.376686
25.387474, 68.373705
25.394755, 68.372392
25.386545, 68.37039
25.394017, 68.372296
25.402138, 68.366704
25.402007, 68.368682
33.731147, 73.039239
33.720731, 73.044686
33.726855, 73.03793
33.727806, 73.049147
33.721373, 73.052847
33.728508, 73.04881
33.723233, 73.045067
33.724213, 73.045847
33.720464, 73.037933
33.730257, 73.046044
24.690881, 70.180988
24.707251, 70.178867
24.698983, 70.178593
24.691081, 70.188126
24.695754, 70.182049
24.698156, 70.180876
24.690771, 70.178303
24.703159, 70.172064
24.693826, 70.176195
24.696318, 70.184027
28.276675, 68.442323
28.27931, 68.441862
28.290445, 68.429589
28.28755, 68.435147
28.290621, 68.443307
28.288029, 68.438468
28.287277, 68.445554
28.282692, 68.44686
28.282492, 68.430712
28.284987, 68.429321
31.799884, 72.276768
31.811646, 72.273993
31.814347, 72.278833
31.80596, 72.275533
31.805147, 72.285017
31.809247, 72.273904
31.800228, 72.27125
31.803786, 72.272844
31.811044, 72.28626
31.802577, 72.273925
32.649493, 74.207473
32.634927, 74.197076
32.641358, 74.210331
32.640555, 74.212938
32.64539, 74.213994
32.6436, 74.204066
32.63729, 74.204897
32.649742, 74.205383
32.642895, 74.203753
32.634206, 74.206208
29.504158, 71.230336
29.497843, 71.224232
29.502564, 71.229234
29.509034, 71.231695
29.503301, 71.21681
29.511794, 71.215258
29.509703, 71.23148
29.507237, 71.222775
29.511814, 71.226793
29.496869, 71.222672
29.642107, 70.599641
29.642492, 70.59471
29.634491, 70.601994
29.637284, 70.595601
29.637096, 70.604756
29.649718, 70.596052
29.640263, 70.592046
29.645072, 70.599416
29.647514, 70.586145
29.636709, 70.595132
25.445842, 68.280601
25.433154, 68.288351
25.436456, 68.284172
25.433494, 68.272868
25.435784, 68.287918
25.440824, 68.282188
25.430009, 68.283159
25.444085, 68.282033
25.439535, 68.276819
25.427291, 68.280537
33.427953, 72.017433
33.439695, 72.015424
33.433246, 72.024416
33.438598, 72.01033
33.437264, 72.011997
33.438487, 72.012489
33.436472, 72.021756
33.425899, 72.025144
33.430282, 72.013593
33.43239, 72.026035
31.824878, 73.912883
31.821766, 73.924833
31.828981, 73.919305
31.82928, 73.917645
31.820615, 73.912112
31.823329, 73.914105
31.830312, 73.923597
31.820079, 73.9127
31.830426, 73.922322
31.815318, 73.922057
31.334668, 73.411031
31.336458, 73.428308
31.340649, 73.421384
31.32798, 73.422424
31.325404, 73.418521
31.340271, 73.416807
31.329444, 73.417545
31.3314, 73.410415
31.323753, 73.413986
31.340421, 73.416104
24.358318, 68.275536
24.348663, 68.263411
24.355687, 68.27032
24.354059, 68.271694
24.345613, 68.268264
24.345622, 68.273038
24.352448, 68.26498
24.358589, 68.258716
24.363519, 68.268765
24.351416, 68.273916
29.527708, 70.853731
29.509998, 70.837594
29.516886, 70.851025
29.525029, 70.845659
29.523593, 70.845338
29.516141, 70.843392
29.52506, 70.846849
29.524108, 70.854134
29.509658, 70.835167
29.524719, 70.846916
32.290902, 72.28207
32.281415, 72.28427
32.296812, 72.273077
32.283167, 72.286462
32.28314, 72.285761
32.292537, 72.273637
32.288874, 72.278677
32.298506, 72.290323
32.288349, 72.274374
32.289648, 72.286881
31.314426, 72.323555
31.302698, 72.329953
31.311543, 72.330569
31.304455, 72.327678
31.307892, 72.330158
31.314367, 72.317615
31.305749, 72.318886
31.298918, 72.335288
31.313119, 72.33336
31.310373, 72.325063
31.262918, 72.324902
31.269229, 72.323489
31.26689, 72.318531
31.269436, 72.320695
31.277559, 72.322027
31.266098, 72.326616
31.261411, 72.320024
31.263084, 72.317396
31.272313, 72.314276
31.275103, 72.320416
32.356344, 72.62173
32.354586, 72.629087
32.358443, 72.622893
32.364558, 72.62529
32.36427, 72.620197
32.358639, 72.629907
32.367077, 72.617904
32.365195, 72.619377
32.367923, 72.627604
32.356288, 72.617164
32.941457, 73.729818
32.929062, 73.729927
32.940028, 73.725407
32.926239, 73.735846
32.943218, 73.721112
32.943196, 73.728367
32.925994, 73.738413
32.932424, 73.722386
32.939524, 73.728125
32.926909, 73.73952
25.96493, 68.883931
25.95119, 68.891274
25.949119, 68.897318
25.954839, 68.879812
25.959761, 68.894302
25.950517, 68.884247
25.948509, 68.888603
25.951205, 68.895508
25.96391, 68.888523
25.949699, 68.884208
25.042358, 61.743337
25.050938, 61.752729
25.050641, 61.754662
25.050728, 61.736303
25.051403, 61.754707
25.048315, 61.746358
25.046041, 61.74527
25.045226, 61.739648
25.049421, 61.747102
25.042182, 61.750353
26.683885, 67.616596
26.691913, 67.613877
26.691641, 67.619996
26.685668, 67.607021
26.691295, 67.619739
26.698397, 67.611172
26.686717, 67.618557
26.68865, 67.615373
26.683902, 67.605158
26.696123, 67.611666
30.412356, 71.870602
30.398837, 71.870249
30.395129, 71.857201
30.402164, 71.86907
30.397256, 71.861448
30.398667, 71.855268
30.396635, 71.863501
30.407277, 71.86545
30.396211, 71.853928
30.403579, 71.86771
24.476714, 68.993326
24.487855, 68.993878
24.484745, 68.982321
24.479074, 68.988943
24.486195, 68.977073
24.475332, 68.97812
24.480177, 68.987184
24.483201, 68.988405
24.477107, 68.976973
24.472507, 68.983571
31.361994, 74.376911
31.367944, 74.377399
31.365375, 74.372754
31.376183, 74.362182
31.374343, 74.364649
31.374817, 74.363545
31.363928, 74.368839
31.36386, 74.367229
31.365272, 74.369522
31.369151, 74.371814
29.632996, 71.905867
29.632684, 71.906401
29.626601, 71.906859
29.622315, 71.923971
29.622948, 71.915491
29.630771, 71.918755
29.617631, 71.914457
29.629966, 71.910122
29.63152, 71.909054
29.616536, 71.909156
33.592695, 73.396575
33.598611, 73.395308
33.590231, 73.38647
33.592751, 73.393738
33.592792, 73.378763
33.582103, 73.395814
33.590323, 73.385976
33.593798, 73.383192
33.598873, 73.383243
33.593162, 73.395474
34.99676, 72.070164
35.00439, 72.068932
34.992657, 72.063951
34.99302, 72.08055
35.001644, 72.081615
35.004927, 72.071568
35.001235, 72.067759
34.9959, 72.082236
35.003029, 72.067083
34.99514, 72.077808
32.964818, 71.537003
32.966196, 71.542367
32.966915, 71.551871
32.962263, 71.555211
32.954235, 71.548807
32.957703, 71.536782
32.957552, 71.551903
32.959072, 71.546879
32.965212, 71.556166
32.961586, 71.546955
32.205258, 74.649719
32.194862, 74.644551
32.201306, 74.640053
32.200591, 74.654723
32.20195, 74.655075
32.192127, 74.651819
32.203314, 74.657368
32.202886, 74.658438
32.197348, 74.647747
32.208441, 74.645633
29.017158, 66.597267
29.021213, 66.590148
29.025745, 66.589841
29.031352, 66.595522
29.019612, 66.584407
29.036563, 66.594866
29.017056, 66.602007
29.033272, 66.601535
29.020753, 66.584482
29.022213, 66.590906
31.98362, 73.603177
31.968322, 73.595636
31.967562, 73.60619
31.96992, 73.603189
31.983146, 73.601712
31.974981, 73.609983
31.979082, 73.59536
31.967178, 73.609739
31.976353, 73.59192
31.966355, 73.601975
32.783816, 72.693623
32.784491, 72.704137
32.786742, 72.691712
32.784467, 72.691046
32.784144, 72.691153
32.784297, 72.688123
32.78491, 72.68886
32.781412, 72.70233
32.77532, 72.691778
32.783466, 72.703592
32.154243, 71.267752
32.156333, 71.273862
32.158142, 71.271588
32.158497, 71.270355
32.145597, 71.267692
32.160643, 71.261938
32.157414, 71.260619
32.159147, 71.258531
32.155542, 71.267586
32.150319, 71.271983
30.723483, 72.63691
30.735791, 72.637441
30.723584, 72.654573
30.718972, 72.65
30.721978, 72.654587
30.724761, 72.639967
30.720978, 72.639674
30.726193, 72.654226
30.724677, 72.641041
30.725135, 72.645801
32.849423, 71.361632
32.845306, 71.3612
32.834815, 71.366557
32.839665, 71.360169
32.847856, 71.362162
32.84506, 71.359743
32.846077, 71.359014
32.852002, 71.359975
32.842067, 71.354897
32.850173, 71.36673
27.581285, 68.006624
27.578396, 68.004737
27.580805, 67.991353
27.579116, 67.993945
27.587171, 68.008193
27.595491, 68.001881
27.592394, 68.001057
27.597077, 67.991398
27.588847, 67.994083
27.580124, 68.009427
31.981421, 74.226504
31.96992, 74.230274
31.975984, 74.232533
31.980935, 74.219071
31.967876, 74.228195
31.984394, 74.21569
31.985239, 74.213107
31.981397, 74.232625
31.979315, 74.214259
31.968774, 74.223947
33.74206, 73.52144
33.755081, 73.508516
33.74632, 73.511607
33.749235, 73.516598
33.740037, 73.505904
33.74526, 73.506584
33.740379, 73.509203
33.754222, 73.507451
33.746953, 73.516896
33.748798, 73.509607
28.250767, 69.186419
28.247816, 69.176684
28.248989, 69.174168
28.248447, 69.187094
28.237176, 69.170409
28.24404, 69.181173
28.248482, 69.174496
28.246812, 69.173533
28.255204, 69.172796
28.241587, 69.187859
26.910871, 68.524365
26.909411, 68.517638
26.910553, 68.516779
26.912217, 68.52188
26.924486, 68.521345
26.916334, 68.512584
26.925441, 68.524173
26.918972, 68.524235
26.916237, 68.529989
26.914943, 68.530722
27.060881, 68.206445
27.062368, 68.214945
27.068955, 68.20957
27.05077, 68.204418
27.061448, 68.203761
27.065152, 68.203718
27.052626, 68.22004
27.056966, 68.209722
27.065588, 68.20845
27.067016, 68.219157
30.768459, 74.128664
30.756254, 74.132352
30.768305, 74.126691
30.770036, 74.129247
30.759433, 74.119052
30.762341, 74.120123
30.764861, 74.131016
30.768935, 74.115605
30.773701, 74.114938
30.75944, 74.128003
24.869665, 67.010735
24.851468, 67.00816
24.864881, 67.005285
24.863283, 67.000455
24.864027, 67.016932
24.857097, 67.012515
24.857265, 67.006021
24.855119, 67.016735
24.860842, 67.011261
24.867787, 67.000682
33.12414, 71.086397
33.109222, 71.095006
33.110392, 71.096181
33.11531, 71.099971
33.11287, 71.099635
33.109116, 71.099078
33.11992, 71.089286
33.116554, 71.10259
33.116701, 71.092994
33.117178, 71.08967
26.896513, 68.408685
26.889616, 68.411961
26.904457, 68.412887
26.893469, 68.405373
26.904909, 68.398582
26.895236, 68.413227
26.895499, 68.40348
26.89337, 68.409664
26.893358, 68.407668
26.887757, 68.414084
24.814987, 68.603755
24.803322, 68.596896
24.806446, 68.595801
24.805906, 68.608192
24.806364, 68.613892
24.815521, 68.595381
24.804216, 68.598523
24.803071, 68.605813
24.810691, 68.614803
24.808233, 68.614314
31.22937, 70.94879
31.228946, 70.944861
31.215939, 70.942823
31.232782, 70.951015
31.215722, 70.955755
31.218695, 70.959421
31.23263, 70.94832
31.216765, 70.958286
31.222427, 70.942883
31.229545, 70.955763
28.428888, 69.576011
28.431081, 69.592932
28.426593, 69.573769
28.427319, 69.593005
28.431067, 69.592773
28.442405, 69.576006
28.434626, 69.574785
28.432559, 69.590958
28.42886, 69.580044
28.43442, 69.589371
31.1112, 74.459896
31.122276, 74.44778
31.108669, 74.44991
31.118593, 74.449644
31.113817, 74.446241
31.121926, 74.454753
31.113837, 74.449613
31.116833, 74.45475
31.116153, 74.442423
31.117109, 74.446672
32.258503, 72.495549
32.251055, 72.494431
32.261011, 72.494509
32.264792, 72.506713
32.258369, 72.504407
32.253312, 72.50651
32.269236, 72.495274
32.265478, 72.506783
32.268293, 72.506022
32.267964, 72.498811
24.139402, 67.443266
24.139982, 67.441433
24.147024, 67.450919
24.151808, 67.441564
24.145156, 67.45661
24.144204, 67.44867
24.15203, 67.446816
24.139348, 67.4437
24.151386, 67.4463
24.140965, 67.446873
30.743906, 67.701661
30.759931, 67.703785
30.753156, 67.716611
30.758854, 67.713962
30.74695, 67.720219
30.748396, 67.707341
30.754592, 67.701895
30.758057, 67.70688
30.751168, 67.720308
30.749124, 67.70385
26.146796, 68.723342
26.144606, 68.71064
26.152971, 68.708552
26.154572, 68.723689
26.142851, 68.723706
26.157009, 68.727369
26.149604, 68.714046
26.147112, 68.712757
26.150078, 68.721616
26.150316, 68.719213
28.071965, 69.710668
28.063523, 69.694364
28.066676, 69.708803
28.05735, 69.702733
28.06677, 69.706649
28.06294, 69.706207
28.068452, 69.701831
28.067983, 69.706279
28.057231, 69.708013
28.073667, 69.710156
27.086327, 67.739083
27.086448, 67.732953
27.090748, 67.727454
27.094823, 67.741803
27.099683, 67.739807
27.098265, 67.725722
27.095836, 67.741021
27.082912, 67.736342
27.081216, 67.737421
27.099168, 67.732099
29.58366, 72.229637
29.571628, 72.245137
29.579434, 72.238378
29.590327, 72.245846
29.586152, 72.231271
29.586487, 72.233512
29.575071, 72.237512
29.587672, 72.233772
29.571524, 72.230014
29.589183, 72.234403
34.052386, 72.883507
34.066222, 72.881684
34.066834, 72.894592
34.053173, 72.880315
34.059683, 72.883777
34.051543, 72.880295
34.059435, 72.889425
34.068917, 72.891562
34.065739, 72.881459
34.055374, 72.883305
32.752386, 72.729553
32.741929, 72.741478
32.733627, 72.734365
32.740428, 72.727182
32.742801, 72.725843
32.733049, 72.732543
32.751214, 72.741481
32.746518, 72.736547
32.7376, 72.731391
32.73975, 72.727468
30.291954, 71.934169
30.29483, 71.939169
30.295285, 71.93265
30.294159, 71.931829
30.292072, 71.929611
30.295515, 71.923878
30.304494, 71.922981
30.292469, 71.924967
30.303531, 71.923839
30.299318, 71.929434
31.837879, 73.61747
31.831309, 73.625585
31.832648, 73.622951
31.836412, 73.617041
31.839633, 73.617108
31.834806, 73.624172
31.842808, 73.622266
31.839254, 73.617442
31.830391, 73.619765
31.836867, 73.61228
29.910222, 71.163656
29.910592, 71.154011
29.912126, 71.156781
29.920042, 71.163684
29.922886, 71.168506
29.9059, 71.170176
29.910288, 71.153095
29.918801, 71.168495
29.924048, 71.152523
29.918328, 71.169065
28.654723, 70.665309
28.644096, 70.657355
28.656335, 70.650137
28.649655, 70.666375
28.655623, 70.659993
28.645975, 70.653542
28.646453, 70.655895
28.656927, 70.656206
28.645489, 70.658619
28.652949, 70.657647
27.834858, 69.404791
27.831635, 69.408048
27.835548, 69.417014
27.835592, 69.41874
27.836601, 69.409077
27.834216, 69.409405
27.841697, 69.406938
27.833974, 69.422233
27.832842, 69.40697
27.831, 69.418559
28.590032, 65.415644
28.589372, 65.408476
28.591704, 65.419545
28.591288, 65.416688
28.581653, 65.419839
28.584511, 65.41718
28.575784, 65.40717
28.584307, 65.419892
28.593512, 65.412881
28.592308, 65.418765
32.818475, 73.894536
32.819827, 73.886398
32.813291, 73.881391
32.824766, 73.891012
32.814243, 73.881033
32.813385, 73.886575
32.815971, 73.887872
32.818303, 73.889297
32.818213, 73.884402
32.809411, 73.895899
32.655234, 73.010551
32.646535, 73.003469
32.645019, 73.014669
32.649557, 73.009011
32.641151, 73.015284
32.653874, 73.013002
32.651783, 73.015137
32.642335, 73.008244
32.650177, 73.00636
32.640744, 73.011285
31.495387, 73.273602
31.492136, 73.259974
31.495189, 73.27161
31.502046, 73.26579
31.502045, 73.266927
31.493147, 73.25932
31.494163, 73.268898
31.501981, 73.268908
31.504261, 73.275532
31.500451, 73.260151
27.805329, 66.619583
27.808107, 66.606183
27.803224, 66.609478
27.807624, 66.620304
27.816911, 66.617505
27.811856, 66.606246
27.814355, 66.61631
27.819628, 66.610011
27.821912, 66.613775
27.807508, 66.614621
33.576702, 71.45904
33.58772, 71.445729
33.583926, 71.446341
33.583304, 71.456299
33.591012, 71.439544
33.581171, 71.457762
33.579069, 71.457162
33.575002, 71.456697
33.572432, 71.446002
33.575096, 71.448858
29.893562, 69.256716
29.889655, 69.245542
29.886636, 69.251875
29.90642, 69.258109
29.887044, 69.249528
29.900818, 69.24984
29.896077, 69.257085
29.902083, 69.261475
29.900808, 69.256354
29.888915, 69.255711
30.474007, 70.961803
30.46881, 70.958051
30.467586, 70.966604
30.479047, 70.963574
30.474779, 70.965769
30.476909, 70.972352
30.464627, 70.958081
30.473037, 70.972359
30.46534, 70.976602
30.467865, 70.963852
27.346401, 68.707393
27.350063, 68.7153
27.337887, 68.7148
27.344271, 68.714616
27.34278, 68.702091
27.347212, 68.700425
27.346257, 68.714486
27.331936, 68.718077
27.351023, 68.713165
27.336169, 68.704127
32.330597, 74.546406
32.329965, 74.539167
32.341277, 74.543308
32.336481, 74.553596
32.327572, 74.548393
32.335917, 74.555649
32.33337, 74.542311
32.325698, 74.554847
32.324595, 74.545788
32.336453, 74.547307
30.210689, 66.995146
30.196716, 66.992855
30.195419, 66.992894
30.201055, 66.996892
30.204102, 66.989104
30.209829, 66.990433
30.19864, 66.98655
30.212737, 66.991091
30.208907, 66.98506
30.199176, 66.989259
32.179759, 73.025879
32.184396, 73.032562
32.195313, 73.029128
32.187049, 73.02019
32.195018, 73.030841
32.185496, 73.026976
32.184205, 73.028799
32.180145, 73.031231
32.186506, 73.023395
32.191547, 73.022776
31.177905, 74.104847
31.171003, 74.11059
31.17839, 74.109689
31.180283, 74.099828
31.174158, 74.098446
31.166151, 74.098691
31.178201, 74.094391
31.172553, 74.104756
31.180246, 74.092805
31.172239, 74.106216
32.41424, 74.634818
32.412286, 74.632736
32.407348, 74.622261
32.409955, 74.629948
32.408975, 74.638205
32.418462, 74.618631
32.410948, 74.635325
32.403915, 74.631872
32.414249, 74.628557
32.4212, 74.621355
28.558805, 70.461149
28.555328, 70.477531
28.549069, 70.466646
28.548439, 70.466798
28.542365, 70.464466
28.548412, 70.461167
28.557149, 70.463536
28.551973, 70.469826
28.553191, 70.466997
28.544757, 70.468215
30.774346, 70.93842
30.777098, 70.930904
30.77376, 70.940724
30.769213, 70.936762
30.766537, 70.93253
30.768404, 70.931403
30.782106, 70.934588
30.772343, 70.922005
30.7795, 70.931972
30.770974, 70.936964
33.519337, 73.911838
33.514831, 73.899131
33.515994, 73.911134
33.512952, 73.893884
33.516549, 73.897793
33.524249, 73.907283
33.521413, 73.893522
33.518331, 73.893217
33.513124, 73.89379
33.508998, 73.89396
32.597319, 74.487277
32.598486, 74.503091
32.598298, 74.495386
32.588758, 74.491969
32.591575, 74.490269
32.590593, 74.489977
32.584574, 74.491043
32.589277, 74.492119
32.586335, 74.50394
32.585896, 74.492391
25.369238, 68.318191
25.358849, 68.31748
25.369228, 68.316986
25.370155, 68.314407
25.370951, 68.3058
25.359281, 68.311295
25.365937, 68.31554
25.373598, 68.301475
25.360951, 68.309046
25.359954, 68.308979
31.922382, 70.453781
31.922073, 70.463921
31.928832, 70.455884
31.925598, 70.450825
31.9388, 70.455939
31.936847, 70.456744
31.932601, 70.450275
31.935634, 70.453754
31.933811, 70.467031
31.926158, 70.46322
32.453869, 71.470583
32.454633, 71.480504
32.452794, 71.470951
32.450029, 71.484572
32.464786, 71.469345
32.449319, 71.473937
32.461018, 71.48067
32.459068, 71.477082
32.457934, 71.474908
32.447797, 71.476135
32.529977, 73.97281
32.530625, 73.969444
32.526513, 73.976154
32.522817, 73.980006
32.523735, 73.969342
32.534575, 73.981588
32.531614, 73.977227
32.533497, 73.965786
32.535862, 73.98052
32.528355, 73.975908
25.172338, 69.563192
25.178659, 69.562533
25.179404, 69.572408
25.170292, 69.569785
25.184764, 69.557146
25.175928, 69.573313
25.185936, 69.565873
25.17341, 69.569044
25.186144, 69.555721
25.17004, 69.575281
33.379352, 71.332359
33.375951, 71.332948
33.386879, 71.343402
33.388809, 71.340002
33.382242, 71.346005
33.376058, 71.345549
33.38371, 71.332622
33.383192, 71.342393
33.375465, 71.339438
33.37973, 71.331598
32.151102, 74.114402
32.161674, 74.106051
32.164972, 74.121599
32.148788, 74.113246
32.162438, 74.110127
32.166817, 74.119166
32.155002, 74.113936
32.163909, 74.109393
32.150144, 74.12276
32.152011, 74.124947
31.555416, 74.342775
31.565312, 74.342342
31.550421, 74.359997
31.566541, 74.348005
31.550553, 74.345034
31.550735, 74.353739
31.560664, 74.341618
31.56244, 74.353874
31.566576, 74.356323
31.560226, 74.342926
27.842504, 68.69184
27.8523, 68.7041
27.838967, 68.691793
27.853296, 68.706662
27.849633, 68.700686
27.845457, 68.692798
27.858686, 68.708255
27.84818, 68.693166
27.843991, 68.700909
27.851219, 68.692819
32.614581, 70.921818
32.612037, 70.918116
32.606778, 70.920374
32.605576, 70.918424
32.60147, 70.905648
32.615702, 70.905821
32.608369, 70.909174
32.602778, 70.906438
32.6069, 70.916764
32.598751, 70.914237
32.70361, 73.950412
32.702747, 73.957852
32.692128, 73.958224
32.701012, 73.959295
32.708684, 73.948241
32.695011, 73.956568
32.70331, 73.954739
32.693342, 73.965065
32.695762, 73.960615
32.707132, 73.958784
31.832393, 72.803447
31.821674, 72.802535
31.815304, 72.80216
31.834614, 72.792434
31.826003, 72.798769
31.831703, 72.798325
31.827366, 72.793739
31.830698, 72.79487
31.827066, 72.802119
31.821882, 72.807985
34.101146, 71.132979
34.092356, 71.133459
34.10782, 71.139325
34.093998, 71.145424
34.09443, 71.146239
34.096208, 71.142542
34.097602, 71.132982
34.106302, 71.131485
34.094552, 71.147241
34.095911, 71.136669
27.562, 68.207488
27.562898, 68.220032
27.56755, 68.217644
27.554649, 68.205172
27.567614, 68.217111
27.558413, 68.218095
27.550844, 68.220415
27.563393, 68.214676
27.567856, 68.205101
27.5597, 68.205024
30.962466, 70.939575
30.953264, 70.938236
30.968339, 70.935827
30.969109, 70.937561
30.965806, 70.931077
30.9617, 70.939709
30.951689, 70.93562
30.958355, 70.947564
30.969191, 70.930172
30.958245, 70.941152
32.1949, 72.952985
32.196042, 72.952098
32.194579, 72.952032
32.194835, 72.948497
32.203141, 72.948899
32.198634, 72.957873
32.194441, 72.953039
32.207029, 72.949225
32.213171, 72.960824
32.210681, 72.950497
29.529693, 71.623969
29.53545, 71.625222
29.539154, 71.628144
29.524965, 71.636441
29.527036, 71.635209
29.539375, 71.637414
29.528737, 71.629547
29.540644, 71.639681
29.525775, 71.639242
29.5331, 71.642415
30.37993, 68.604194
30.379425, 68.599653
30.373387, 68.5934
30.367635, 68.591028
30.377208, 68.594199
30.362245, 68.592393
30.376788, 68.59252
30.361409, 68.590408
30.366835, 68.594672
30.371554, 68.597869
29.869542, 67.321509
29.86019, 67.327228
29.867137, 67.333459
29.854537, 67.329287
29.862405, 67.332541
29.872988, 67.328197
29.870728, 67.325636
29.855886, 67.335338
29.864711, 67.335615
29.873549, 67.335835
27.751894, 68.458997
27.756051, 68.455457
27.762632, 68.452804
27.757759, 68.460611
27.758474, 68.449405
27.754331, 68.444102
27.754228, 68.444252
27.755797, 68.449851
27.749088, 68.442474
27.762753, 68.450656
29.79594, 72.166804
29.81046, 72.170423
29.801686, 72.164821
29.80985, 72.178614
29.799894, 72.166153
29.793516, 72.165272
29.796426, 72.182155
29.810039, 72.168363
29.796505, 72.177733
29.793608, 72.171709
34.57432, 71.926043
34.569069, 71.931092
34.566129, 71.921338
34.560181, 71.929345
34.570521, 71.924583
34.568642, 71.920971
34.563668, 71.932167
34.574198, 71.936033
34.563671, 71.923001
34.565934, 71.924142
32.560482, 73.219763
32.551051, 73.206176
32.564349, 73.216545
32.549239, 73.20639
32.547173, 73.204394
32.547792, 73.209256
32.559367, 73.205092
32.562173, 73.222724
32.562651, 73.208171
32.550856, 73.203609
32.559155, 73.208756
32.546603, 73.207639
32.552048, 73.212752
32.555764, 73.203362
32.55647, 73.209904
32.556164, 73.221251
32.552537, 73.206548
32.553523, 73.205024
32.560398, 73.202402
32.553026, 73.216354
24.950883, 67.204937
24.937941, 67.204417
24.950466, 67.203467
24.933503, 67.200879
24.94076, 67.200415
24.940382, 67.200913
24.939429, 67.208458
24.941169, 67.207868
24.946466, 67.201409
24.95319, 67.201449
30.837985, 72.79671
30.820626, 72.806147
30.821212, 72.790712
30.829109, 72.80704
30.820452, 72.790064
30.832438, 72.799885
30.826009, 72.808235
30.828031, 72.794348
30.838725, 72.804715
30.83988, 72.80316
31.579158, 73.680709
31.59714, 73.679362
31.595591, 73.694465
31.58287, 73.688527
31.592736, 73.679476
31.588314, 73.697069
31.580532, 73.69301
31.584823, 73.689717
31.58752, 73.681629
31.580171, 73.694034
32.589906, 73.501203
32.587945, 73.500994
32.587902, 73.49663
32.577718, 73.486462
32.588802, 73.500514
32.589972, 73.491408
32.577398, 73.489091
32.584303, 73.492743
32.595176, 73.483201
32.578245, 73.490525
31.894825, 72.38461
31.895144, 72.377069
31.889723, 72.378735
31.889402, 72.383517
31.887442, 72.390885
31.901595, 72.37788
31.885256, 72.391014
31.902252, 72.379862
31.892459, 72.381513
31.89003, 72.383424
31.389912, 71.445518
31.378143, 71.433043
31.384743, 71.433373
31.397539, 71.447548
31.378515, 71.450331
31.397579, 71.431451
31.382179, 71.443602
31.395698, 71.432537
31.396746, 71.444385
31.385479, 71.448289
34.322025, 73.196458
34.336959, 73.196209
34.339313, 73.20394
34.325332, 73.203764
34.323988, 73.191186
34.3362, 73.203978
34.325679, 73.188298
34.337469, 73.188411
34.332964, 73.205645
34.322037, 73.200232
34.207109, 72.058697
34.193414, 72.049742
34.19178, 72.04034
34.194568, 72.042308
34.2002, 72.041879
34.191418, 72.056317
34.195973, 72.042994
34.188096, 72.0474
34.199112, 72.049855
34.205258, 72.053106
29.796549, 66.839725
29.802611, 66.844035
29.800443, 66.839306
29.800017, 66.840721
29.795315, 66.855387
29.789905, 66.847769
29.802327, 66.842954
29.798523, 66.85424
29.79954, 66.853799
29.803855, 66.850347
25.596876, 68.437474
25.593213, 68.445755
25.59632, 68.439805
25.58921, 68.45026
25.588346, 68.453056
25.591553, 68.450146
25.59551, 68.444812
25.6048, 68.446403
25.596309, 68.44003
25.592107, 68.449492
25.046461, 68.646376
25.047069, 68.646477
25.043685, 68.650928
25.035314, 68.646867
25.042448, 68.664567
25.049043, 68.660998
25.052361, 68.651373
25.045671, 68.657797
25.05001, 68.6501
25.034764, 68.663849
27.173336, 67.818389
27.184896, 67.81621
27.174185, 67.821735
27.184728, 67.810701
27.186905, 67.82986
27.17458, 67.818187
27.176693, 67.819136
27.187609, 67.819228
27.17429, 67.811508
27.186849, 67.822247
32.789558, 73.817262
32.777159, 73.816596
32.788752, 73.816711
32.776055, 73.828396
32.79354, 73.827059
32.791427, 73.825462
32.784888, 73.828558
32.776612, 73.823553
32.785525, 73.814179
32.776807, 73.832748
28.105223, 68.030217
28.11499, 68.033452
28.099999, 68.027447
28.113329, 68.020711
28.117077, 68.021854
28.107419, 68.023082
28.10971, 68.021244
28.107019, 68.027073
28.112178, 68.017841
28.114557, 68.030436
30.431877, 72.35082
30.433937, 72.362368
30.444869, 72.365413
30.44309, 72.35602
30.432451, 72.357868
30.431477, 72.364952
30.434713, 72.364429
30.443758, 72.348643
30.43344, 72.348883
30.442506, 72.3631
31.207069, 73.954871
31.208576, 73.948904
31.207018, 73.942705
31.207349, 73.942824
31.198739, 73.95433
31.204009, 73.943659
31.196101, 73.939186
31.211306, 73.945456
31.192539, 73.945983
31.199854, 73.944043
32.578322, 71.521854
32.568804, 71.522675
32.570593, 71.523299
32.579966, 71.522903
32.58201, 71.525388
32.583276, 71.533292
32.572841, 71.524901
32.586232, 71.525322
32.581192, 71.536652
32.577286, 71.537678
30.164312, 73.55879
30.171648, 73.566009
30.170569, 73.567347
30.168579, 73.561157
30.157199, 73.571823
30.169313, 73.576246
30.156378, 73.562195
30.15408, 73.568744
30.157976, 73.566962
30.173099, 73.578556
34.781098, 72.372349
34.77203, 72.368075
34.787015, 72.362951
34.773413, 72.365333
34.788191, 72.371654
34.770739, 72.36887
34.779773, 72.357369
34.788151, 72.367102
34.769735, 72.362261
34.7797, 72.369426
32.99523, 70.076553
33.00842, 70.076861
32.994352, 70.077577
32.992254, 70.068277
32.990884, 70.073801
32.998568, 70.066607
32.998616, 70.065898
32.990912, 70.063196
33.000998, 70.063045
33.005094, 70.076251
27.750091, 68.096105
27.76343, 68.094466
27.753284, 68.09813
27.758741, 68.08889
27.7595, 68.095937
27.754137, 68.083855
27.754188, 68.082079
27.764001, 68.094201
27.761328, 68.095253
27.7546, 68.091869
24.723747, 68.251005
24.732708, 68.251271
24.719053, 68.251594
24.728203, 68.26435
24.728789, 68.268148
24.734508, 68.256871
24.735534, 68.253794
24.721923, 68.252671
24.720297, 68.252732
24.725133, 68.258824
25.528002, 69.01787
25.523125, 69.005309
25.534856, 69.005745
25.533869, 69.022049
25.520786, 69.006042
25.518739, 69.013863
25.522517, 69.008254
25.529927, 69.010402
25.522943, 69.012842
25.520372, 69.005752
28.016026, 69.544873
28.020419, 69.548614
28.020303, 69.54889
28.025988, 69.554731
28.013226, 69.539794
28.018228, 69.539489
28.014133, 69.550822
28.011389, 69.550451
28.028614, 69.556403
28.01279, 69.556804
24.539383, 67.626445
24.554002, 67.637756
24.538069, 67.622145
24.54913, 67.633718
24.55055, 67.618097
24.545076, 67.635868
24.539332, 67.620107
24.547306, 67.629313
24.544263, 67.620353
24.544308, 67.6319
25.305161, 69.050643
25.310773, 69.049673
25.300832, 69.049314
25.300308, 69.05238
25.307656, 69.058361
25.311685, 69.059804
25.303694, 69.057663
25.304782, 69.057452
25.302365, 69.04351
25.302431, 69.045669
32.240733, 72.103854
32.253547, 72.110669
32.247048, 72.106552
32.249932, 72.101377
32.25291, 72.099527
32.235507, 72.10184
32.243969, 72.10426
32.249008, 72.104959
32.241164, 72.106229
32.241417, 72.112277
24.742054, 69.793091
24.729658, 69.78794
24.729964, 69.803063
24.731182, 69.799416
24.743362, 69.794285
24.739631, 69.789137
24.744485, 69.790606
24.745109, 69.788556
24.73568, 69.792792
24.738885, 69.798647
26.67002, 68.000275
26.658951, 67.999115
26.666691, 67.997309
26.656148, 68.006525
26.665368, 68.010014
26.671164, 67.994463
26.667448, 67.99065
26.658124, 68.003464
26.664003, 68.004659
26.672765, 68.004477
30.803911, 70.842023
30.809704, 70.84812
30.797211, 70.844762
30.795948, 70.858026
30.80707, 70.839477
30.798804, 70.8584
30.813312, 70.854258
30.802625, 70.858573
30.804134, 70.849103
30.813844, 70.845419
30.200995, 71.481959
30.195699, 71.470175
30.195191, 71.48338
30.201685, 71.476514
30.202764, 71.47788
30.202224, 71.474718
30.196489, 71.487354
30.203534, 71.476621
30.189434, 71.470437
30.204544, 71.471582
31.799671, 74.264846
31.803615, 74.252128
31.794813, 74.252039
31.799477, 74.247922
31.793948, 74.258667
31.810744, 74.26441
31.796601, 74.258015
31.796045, 74.265297
31.807958, 74.258928
31.807182, 74.255074
33.900992, 73.393679
33.907736, 73.390965
33.901643, 73.387263
33.900978, 73.385153
33.911459, 73.399018
33.903196, 73.380495
33.91178, 73.395625
33.908259, 73.384706
33.915816, 73.399336
33.916021, 73.383348
30.851224, 69.815157
30.864769, 69.815782
30.867829, 69.817725
30.856455, 69.831799
30.852734, 69.824257
30.858809, 69.820034
30.85407, 69.831499
30.863106, 69.81499
30.856232, 69.829669
30.853188, 69.825174
30.900282, 73.496342
30.887105, 73.497361
30.895821, 73.495663
30.887723, 73.490031
30.898924, 73.49727
30.902182, 73.492125
30.889231, 73.505132
30.900475, 73.505613
30.887335, 73.500511
30.895078, 73.50745
30.081043, 71.202268
30.078589, 71.194068
30.077248, 71.196104
30.082357, 71.190033
30.070319, 71.190223
30.077428, 71.188625
30.065206, 71.198659
30.064491, 71.189008
30.071124, 71.188601
30.079648, 71.187935
34.373818, 73.477368
34.370806, 73.463269
34.375271, 73.466932
34.373924, 73.466592
34.377026, 73.47307
34.363085, 73.479175
34.368205, 73.47955
34.368196, 73.475326
34.366276, 73.468209
34.377298, 73.474511
25.068734, 69.646984
25.073395, 69.644361
25.076464, 69.64341
25.072781, 69.643614
25.059942, 69.636033
25.062118, 69.645741
25.066486, 69.633897
25.05825, 69.643802
25.060399, 69.640098
25.068122, 69.634847
31.454317, 73.698485
31.451996, 73.709733
31.443567, 73.698467
31.446272, 73.710638
31.449105, 73.703271
31.45142, 73.701847
31.458919, 73.697637
31.447515, 73.711257
31.454974, 73.700411
31.449093, 73.698275
31.895988, 74.513478
31.896481, 74.524051
31.909563, 74.513057
31.911847, 74.524365
31.902467, 74.506892
31.910025, 74.522841
31.910723, 74.515184
31.899947, 74.516719
31.906416, 74.512338
31.907244, 74.525461
32.094072, 74.874123
32.095021, 74.875164
32.103988, 74.86476
32.102724, 74.876826
32.100935, 74.866164
32.10182, 74.869834
32.103928, 74.881385
32.110459, 74.874763
32.102508, 74.881905
32.110004, 74.880362
27.381612, 67.907518
27.375574, 67.910182
27.381984, 67.910348
27.384904, 67.915521
27.377365, 67.914892
27.371492, 67.919981
27.384585, 67.925036
27.376972, 67.907923
27.378232, 67.918688
27.384352, 67.920135
27.662462, 68.370118
27.672329, 68.352678
27.662807, 68.360277
27.66095, 68.35703
27.672782, 68.351204
27.671034, 68.366619
27.667829, 68.35508
27.671465, 68.368192
27.671028, 68.352268
27.661792, 68.353773
24.85576, 69.397939
24.864634, 69.401341
24.857311, 69.398014
24.855977, 69.411337
24.858505, 69.403364
24.850399, 69.407852
24.864172, 69.391853
24.849017, 69.391899
24.852117, 69.394108
24.857261, 69.396909
31.969512, 73.973454
31.954763, 73.964254
31.959131, 73.961637
31.956966, 73.970939
31.970513, 73.973466
31.962329, 73.965592
31.970054, 73.974412
31.95575, 73.975803
31.965355, 73.977936
31.971224, 73.96611
26.846031, 68.127645
26.845578, 68.117814
26.843422, 68.122705
26.847939, 68.12441
26.831497, 68.120124
26.842586, 68.113247
26.836359, 68.12414
26.835586, 68.121911
26.83634, 68.116201
26.840115, 68.116119
26.248528, 68.410025
26.230199, 68.40608
26.240218, 68.401385
26.242709, 68.41079
26.247049, 68.403424
26.241657, 68.399582
26.231602, 68.403557
26.246067, 68.406093
26.230223, 68.395283
26.237938, 68.397831
33.300814, 73.490376
33.299469, 73.479748
33.306904, 73.479315
33.314067, 73.480505
33.302831, 73.49314
33.313098, 73.473353
33.300076, 73.487707
33.312472, 73.49057
33.307542, 73.480584
33.307155, 73.48509
33.141599, 73.75548
33.142021, 73.757955
33.145616, 73.759402
33.143764, 73.757099
33.144914, 73.743421
33.138763, 73.759223
33.151467, 73.753301
33.148253, 73.755529
33.144886, 73.748975
33.154191, 73.744213
34.25458, 71.972838
34.256885, 71.970457
34.255801, 71.969644
34.257266, 71.97025
34.244384, 71.957262
34.248717, 71.975219
34.255639, 71.960462
34.252201, 71.972571
34.245107, 71.967722
34.243916, 71.974637
34.01776, 71.971415
34.008234, 71.980275
34.022354, 71.991132
34.020146, 71.984604
34.018676, 71.982811
34.012751, 71.989797
34.006967, 71.974493
34.008271, 71.990183
34.008554, 71.985831
34.01912, 71.974419
33.996157, 71.991254
34.004302, 71.990077
34.003927, 72.005906
34.00577, 71.998461
34.004757, 71.994037
34.000737, 71.998534
34.000199, 72.000553
33.997143, 71.997296
34.001991, 72.000315
33.993446, 71.99153
29.549488, 66.016913
29.558676, 66.023108
29.556998, 66.028697
29.54828, 66.028309
29.561713, 66.032205
29.560953, 66.018548
29.556674, 66.030666
29.549408, 66.030383
29.54656, 66.026072
29.556802, 66.019177
30.80695, 73.455414
30.811185, 73.452501
30.812421, 73.44448
30.813117, 73.455511
30.81414, 73.453773
30.800985, 73.455584
30.806599, 73.459786
30.818747, 73.44185
30.809434, 73.44502
30.800764, 73.449912
25.208869, 64.643845
25.200535, 64.626094
25.211074, 64.633011
25.210663, 64.634975
25.201979, 64.625722
25.216004, 64.640874
25.213116, 64.637519
25.208647, 64.64298
25.213254, 64.641629
25.207805, 64.631811
34.00535, 71.793311
34.006423, 71.796549
34.002931, 71.789343
34.003676, 71.799988
34.005283, 71.784656
34.011578, 71.795769
34.004439, 71.792776
34.018357, 71.786268
34.019155, 71.803508
34.003852, 71.791255
26.767954, 68.291403
26.779827, 68.309691
26.771298, 68.30744
26.780253, 68.301578
26.779286, 68.299222
26.768068, 68.299612
26.769856, 68.295424
26.775934, 68.293996
26.780394, 68.296653
26.781126, 68.310723
32.109233, 70.970837
32.112852, 70.976966
32.10841, 70.961416
32.104341, 70.970443
32.096329, 70.970405
32.109243, 70.970271
32.095493, 70.964458
32.103131, 70.971095
32.096647, 70.967349
32.103892, 70.970739
30.34787, 73.384466
30.337231, 73.392307
30.347468, 73.389745
30.347926, 73.38858
30.338594, 73.390418
30.333228, 73.385261
30.347853, 73.388178
30.344959, 73.399263
30.340058, 73.389903
30.341912, 73.399365
26.9629, 64.086388
26.963468, 64.085966
26.968583, 64.093607
26.971403, 64.098132
26.977098, 64.097185
26.973662, 64.104478
26.968823, 64.085355
26.970083, 64.098364
26.976646, 64.099675
26.96278, 64.092625
27.857428, 69.120684
27.863855, 69.116285
27.851316, 69.103495
27.851028, 69.11967
27.864933, 69.101371
27.859826, 69.107213
27.860998, 69.103058
27.853105, 69.10814
27.852193, 69.103165
27.858881, 69.10945
33.889935, 70.107333
33.900004, 70.10244
33.905991, 70.105909
33.907759, 70.093925
33.893797, 70.105012
33.898839, 70.095408
33.899949, 70.103589
33.898046, 70.093247
33.905211, 70.103801
33.892582, 70.099736
25.26338, 63.469548
25.263206, 63.467272
25.262384, 63.473216
25.266615, 63.459608
25.265278, 63.467402
25.271847, 63.46629
25.269463, 63.465556
25.254023, 63.472629
25.271595, 63.472544
25.258944, 63.462542
32.265359, 74.667751
32.26862, 74.66165
32.255674, 74.654531
32.254183, 74.671146
32.269728, 74.659081
32.256261, 74.671462
32.258752, 74.670762
32.262802, 74.653292
32.258143, 74.65665
32.252922, 74.663334
31.0261, 73.847152
31.025835, 73.847478
31.018233, 73.850992
31.029079, 73.845451
31.017167, 73.861349
31.022434, 73.862218
31.01541, 73.845894
31.024896, 73.847603
31.028255, 73.848818
31.013117, 73.858685
34.003607, 71.568799
34.010145, 71.588354
33.999413, 71.576235
34.017927, 71.579263
34.005938, 71.571883
33.998394, 71.579277
34.010149, 71.584648
34.001532, 71.573413
33.999362, 71.583241
34.017118, 71.578701
32.424901, 73.569976
32.435387, 73.586942
32.423498, 73.578646
32.430725, 73.583052
32.4212, 73.586074
32.434203, 73.586335
32.431676, 73.57869
32.433546, 73.577347
32.4295, 73.575964
32.43859, 73.584425
32.593832, 73.054402
32.596067, 73.037119
32.578779, 73.04957
32.577433, 73.045701
32.593333, 73.044279
32.593543, 73.046879
32.590419, 73.043353
32.594387, 73.046907
32.580152, 73.054374
32.580342, 73.038209
31.904214, 73.275777
31.898814, 73.279369
31.894009, 73.266486
31.892683, 73.277684
31.900248, 73.269294
31.906176, 73.275043
31.888605, 73.274234
31.898654, 73.268116
31.901673, 73.274653
31.893615, 73.281917
33.239968, 72.269304
33.238877, 72.259221
33.244494, 72.265528
33.241746, 72.258883
33.234012, 72.267628
33.235694, 72.267232
33.247536, 72.256215
33.250266, 72.257619
33.239183, 72.261986
33.240644, 72.267774
27.582699, 68.626047
27.596611, 68.624616
27.583012, 68.62827
27.598435, 68.613899
27.599742, 68.620498
27.592163, 68.613021
27.590204, 68.615719
27.584032, 68.612703
27.599734, 68.625988
27.593093, 68.618408
30.765051, 72.443666
30.770295, 72.430615
30.757421, 72.440564
30.769923, 72.426431
30.769599, 72.428768
30.758362, 72.428094
30.775083, 72.429883
30.759427, 72.433136
30.760863, 72.433568
30.77355, 72.435176
30.588354, 66.996491
30.587801, 66.98581
30.588686, 66.986528
30.578383, 66.994808
30.574195, 67.000406
30.584441, 66.999591
30.586185, 66.993724
30.583237, 67.003601
30.590247, 67.00003
30.589207, 66.997616
25.503498, 69.376296
25.514862, 69.381456
25.516154, 69.37916
25.511475, 69.371247
25.50999, 69.373245
25.507974, 69.379403
25.520722, 69.375266
25.504915, 69.379881
25.507489, 69.371719
25.518236, 69.383424
30.283895, 71.674393
30.298686, 71.677713
30.285675, 71.66855
30.285965, 71.680425
30.287667, 71.66563
30.290708, 71.66721
30.301673, 71.662981
30.297165, 71.676809
30.295554, 71.673208
30.282785, 71.662732
30.725342, 66.670944
30.730266, 66.668797
30.73409, 66.66874
30.731852, 66.669335
30.724132, 66.663631
30.718285, 66.666544
30.727671, 66.668329
30.72565, 66.669127
30.737622, 66.660356
30.734136, 66.668075
30.693364, 68.364015
30.690949, 68.368804
30.696532, 68.361014
30.702317, 68.366194
30.696306, 68.35462
30.710273, 68.354126
30.69278, 68.358208
30.705924, 68.355412
30.71036, 68.359683
30.696964, 68.360031
30.188113, 67.001825
30.184552, 66.995363
30.177475, 67.007283
30.188722, 67.003528
30.177521, 66.99487
30.186298, 66.99604
30.178505, 66.997219
30.184893, 67.01016
30.186007, 67.010989
30.177336, 66.991693
28.429192, 70.310352
28.416547, 70.298718
28.415062, 70.293958
28.412453, 70.305253
28.418838, 70.309752
28.421583, 70.299807
28.413844, 70.29555
28.419409, 70.296396
28.421261, 70.304386
28.422315, 70.299911
31.256339, 74.209995
31.252672, 74.20878
31.240161, 74.22422
31.25831, 74.218328
31.244176, 74.209403
31.248766, 74.212128
31.253043, 74.221601
31.255586, 74.22201
31.242178, 74.207909
31.24796, 74.21126
31.216585, 74.253018
31.215424, 74.261897
31.2158, 74.248264
31.220721, 74.263554
31.212839, 74.261755
31.229062, 74.262908
31.215249, 74.249343
31.230195, 74.264042
31.230574, 74.255167
31.220263, 74.26458
29.106455, 70.322609
29.106489, 70.334624
29.113875, 70.325055
29.095276, 70.33682
29.09823, 70.33066
29.100261, 70.326572
29.095473, 70.335868
29.108407, 70.325016
29.10246, 70.320802
29.098589, 70.334538
24.983103, 68.848535
24.991141, 68.850095
24.986095, 68.848178
24.984225, 68.852082
24.976621, 68.844736
24.974475, 68.852808
24.976234, 68.847337
24.989545, 68.861018
24.988622, 68.860053
24.993512, 68.845648
27.291091, 68.512618
27.284346, 68.507842
27.292857, 68.505098
27.280935, 68.501865
27.292319, 68.497
27.286352, 68.506565
27.295717, 68.508322
27.285229, 68.497688
27.296769, 68.515468
27.286574, 68.503335
32.320139, 73.770406
32.326306, 73.772086
32.324941, 73.781741
32.334276, 73.781614
32.33185, 73.784764
32.321381, 73.774291
32.326866, 73.778544
32.333453, 73.770626
32.327941, 73.776548
32.333015, 73.775405
27.793675, 68.285727
27.809427, 68.285197
27.796426, 68.292034
27.798186, 68.292195
27.810689, 68.292592
27.798366, 68.286717
27.798718, 68.28135
27.798075, 68.282403
27.794392, 68.28361
27.793551, 68.287255
33.860831, 73.759673
33.865725, 73.762273
33.851404, 73.756821
33.856934, 73.762109
33.856094, 73.766205
33.856268, 73.760632
33.862158, 73.763765
33.860814, 73.752028
33.862315, 73.750641
33.855813, 73.767066
33.603312, 73.055228
33.593476, 73.042044
33.589973, 73.042319
33.594615, 73.04014
33.600287, 73.049555
33.595248, 73.04243
33.604938, 73.043082
33.587888, 73.05565
33.588023, 73.043721
33.604909, 73.055037
30.877099, 73.608476
30.876809, 73.602626
30.876733, 73.607858
30.871316, 73.597637
30.888233, 73.600401
30.881083, 73.598366
30.883389, 73.589621
30.879857, 73.597977
30.886931, 73.588608
30.882218, 73.594877
34.061395, 71.986698
34.051544, 72.002557
34.06189, 71.99475
34.06217, 71.992125
34.064691, 71.995912
34.062884, 71.992284
34.068938, 71.986197
34.06511, 72.002034
34.052424, 71.9972
34.054958, 72.002644
27.699725, 68.896827
27.686959, 68.888897
27.682711, 68.898925
27.683068, 68.896312
27.698138, 68.888533
27.685921, 68.887473
27.684102, 68.897954
27.691855, 68.903456
27.689457, 68.885337
27.699495, 68.885193
28.690589, 69.950297
28.694625, 69.948582
28.689078, 69.947499
28.687978, 69.953444
28.696213, 69.959244
28.682465, 69.951621
28.688672, 69.955332
28.689523, 69.959094
28.682234, 69.957804
28.694781, 69.947208
27.962372, 68.809252
27.969005, 68.8037
27.96262, 68.811877
27.958523, 68.797998
27.966401, 68.812444
27.962276, 68.800912
27.972428, 68.810554
27.976596, 68.813147
27.973182, 68.800565
27.960019, 68.796386
28.315138, 70.122166
28.311506, 70.130403
28.311237, 70.117506
28.31218, 70.129003
28.305102, 70.122756
28.317275, 70.135633
28.314138, 70.121782
28.318907, 70.133886
28.306409, 70.120126
28.318582, 70.125346
31.97371, 72.324139
31.968131, 72.327465
31.983311, 72.329155
31.977431, 72.32954
31.974127, 72.329022
31.98234, 72.328154
31.969205, 72.329158
31.982039, 72.340562
31.969563, 72.335809
31.975869, 72.337198
30.66672, 73.10999
30.670637, 73.104743
30.667408, 73.110073
30.659497, 73.104092
30.667998, 73.100506
30.664437, 73.104753
30.669022, 73.101649
30.666975, 73.106455
30.674783, 73.104939
30.665284, 73.098806
34.749258, 72.363114
34.753636, 72.346102
34.742341, 72.357447
34.748549, 72.361339
34.742001, 72.346912
34.750433, 72.347451
34.738213, 72.353278
34.748141, 72.351844
34.74153, 72.359913
34.755444, 72.360588
26.135796, 68.274648
26.135442, 68.275541
26.141514, 68.280594
26.134601, 68.26579
26.14839, 68.27721
26.138185, 68.26515
26.140062, 68.281057
26.133632, 68.282219
26.148019, 68.277709
26.14588, 68.276302
25.275082, 69.392865
25.283225, 69.396529
25.274603, 69.392188
25.288253, 69.39294
25.287301, 69.403535
25.287259, 69.397867
25.284028, 69.401999
25.288978, 69.395518
25.274066, 69.389595
25.287348, 69.405213
32.472717, 74.359623
32.482877, 74.345752
32.471052, 74.349878
32.477858, 74.344101
32.486125, 74.354047
32.483718, 74.351963
32.485547, 74.359481
32.486747, 74.350466
32.482158, 74.348528
32.476696, 74.357655
26.043369, 68.955178
26.037965, 68.948131
26.038842, 68.954929
26.049437, 68.943133
26.048339, 68.95028
26.041556, 68.952444
26.046611, 68.939609
26.042613, 68.94535
26.055589, 68.946328
26.045955, 68.955231
31.717352, 73.382462
31.715804, 73.382005
31.721469, 73.391394
31.707185, 73.38919
31.71418, 73.376484
31.70934, 73.383535
31.715034, 73.386393
31.723831, 73.386313
31.717575, 73.389518
31.716149, 73.386107
33.756458, 72.437926
33.761032, 72.425603
33.754302, 72.426867
33.753239, 72.430148
33.765266, 72.428905
33.753601, 72.424454
33.768858, 72.441511
33.767026, 72.434273
33.756349, 72.433097
33.76177, 72.432403
26.032534, 68.143629
26.031673, 68.14238
26.033317, 68.14119
26.032546, 68.145303
26.041536, 68.146014
26.034461, 68.135099
26.043198, 68.1465
26.034135, 68.13526
26.033503, 68.145765
26.032183, 68.141636
32.905474, 73.762717
32.914374, 73.74714
32.912371, 73.752404
32.91311, 73.752304
32.898758, 73.747687
32.91108, 73.762989
32.909488, 73.758867
32.895329, 73.762002
32.912462, 73.756213
32.912264, 73.762661
32.827985, 70.777291
32.827941, 70.784982
32.826369, 70.782402
32.830134, 70.786095
32.818065, 70.777037
32.829539, 70.775271
32.823635, 70.780477
32.830645, 70.776875
32.829049, 70.785317
32.820246, 70.787814
30.59555, 71.963435
30.591178, 71.96919
30.594799, 71.965128
30.598746, 71.975622
30.593327, 71.96644
30.592325, 71.976241
30.599644, 71.968002
30.594659, 71.977109
30.603141, 71.974682
30.595486, 71.972151
32.077872, 72.682247
32.07844, 72.669096
32.078137, 72.673385
32.090208, 72.681609
32.083473, 72.674831
32.078096, 72.666093
32.079907, 72.678367
32.08338, 72.671356
32.083401, 72.671999
32.081833, 72.679217
26.424291, 67.870687
26.418685, 67.857062
26.423965, 67.863354
26.433006, 67.85306
26.433268, 67.851602
26.421881, 67.85365
26.424043, 67.8675
26.417664, 67.870144
26.429699, 67.860324
26.424921, 67.864184
27.218053, 68.468798
27.206415, 68.465759
27.217131, 68.465172
27.215597, 68.476122
27.204856, 68.47329
27.220372, 68.471465
27.204025, 68.460973
27.211679, 68.472431
27.220087, 68.475652
27.217, 68.47246
34.21045, 71.559247
34.21337, 71.551594
34.217432, 71.56446
34.22107, 71.55496
34.210882, 71.554124
34.210532, 71.549452
34.208916, 71.554568
34.210625, 71.550857
34.214129, 71.561003
34.221366, 71.549923
27.855237, 67.908407
27.856596, 67.915682
27.839402, 67.911683
27.846882, 67.904821
27.838542, 67.904581
27.852751, 67.905904
27.842837, 67.900693
27.854238, 67.905994
27.842854, 67.916745
27.849058, 67.91038
25.934076, 68.617868
25.929854, 68.614578
25.934185, 68.624916
25.928308, 68.620069
25.934651, 68.619048
25.927539, 68.623329
25.918977, 68.618996
25.929316, 68.616708
25.932448, 68.617115
25.921054, 68.614987
31.561006, 73.49139
31.566536, 73.490283
31.576724, 73.482583
31.572931, 73.482394
31.566699, 73.486193
31.57521, 73.481497
31.566882, 73.492855
31.566801, 73.493178
31.567511, 73.477614
31.576265, 73.479171
32.273096, 72.459024
32.263958, 72.466832
32.272643, 72.475256
32.276011, 72.469272
32.263633, 72.465484
32.272073, 72.465213
32.263024, 72.469711
32.266493, 72.460471
32.272463, 72.465875
32.273131, 72.467661
26.152502, 68.645476
26.15114, 68.640231
26.147169, 68.651546
26.144917, 68.650942
26.148482, 68.643804
26.15268, 68.658143
26.154243, 68.652704
26.158528, 68.646055
26.156401, 68.656529
26.163988, 68.649543
29.578982, 71.012107
29.576877, 71.025741
29.572965, 71.031378
29.572107, 71.031122
29.577268, 71.021751
29.56883, 71.017196
29.576484, 71.029912
29.584931, 71.020386
29.576671, 71.015099
29.570773, 71.017189
32.266358, 75.151178
32.253732, 75.154433
32.256582, 75.165047
32.254924, 75.166321
32.269468, 75.156358
32.272774, 75.15153
32.261742, 75.169298
32.258041, 75.161974
32.256021, 75.163261
32.266541, 75.164716
31.466401, 74.099677
31.463734, 74.098536
31.452407, 74.109002
31.46895, 74.093382
31.462257, 74.094875
31.462759, 74.098911
31.464147, 74.099244
31.451809, 74.106411
31.462301, 74.095982
31.456343, 74.099327
31.72131, 73.984252
31.721933, 73.978116
31.717874, 73.979866
31.721392, 73.992831
31.715606, 73.98115
31.718628, 73.976658
31.715662, 73.99341
31.711124, 73.993623
31.713274, 73.990246
31.703493, 73.993865
27.951938, 68.629457
27.960998, 68.646534
27.956742, 68.640555
27.962248, 68.629797
27.951272, 68.642347
27.961938, 68.628423
27.958806, 68.645382
27.964217, 68.639005
27.946704, 68.63642
27.951826, 68.631623
34.670341, 72.994088
34.684146, 72.975145
34.674285, 72.984336
34.669404, 72.987532
34.682009, 72.98549
34.671183, 72.981942
34.671969, 72.975789
34.679055, 72.990923
34.681929, 72.979072
34.685719, 72.983592
34.322655, 71.176353
34.329194, 71.1692
34.329357, 71.184937
34.328325, 71.187493
34.33139, 71.181679
34.336812, 71.175319
34.326435, 71.188414
34.337206, 71.171249
34.332487, 71.172681
34.32129, 71.171154
31.910872, 70.884262
31.912648, 70.875653
31.909536, 70.878151
31.906635, 70.882755
31.918984, 70.869703
31.919763, 70.878639
31.911613, 70.871457
31.902842, 70.881801
31.920121, 70.868643
31.902586, 70.869357
29.885793, 71.284666
29.885815, 71.294712
29.887361, 71.29997
29.884661, 71.293151
29.876571, 71.28397
29.872894, 71.295934
29.876042, 71.29629
29.890171, 71.29986
29.871996, 71.295739
29.878596, 71.294355
32.490969, 74.537354
32.500261, 74.533724
32.483136, 74.534001
32.49687, 74.537709
32.496694, 74.533275
32.489967, 74.522878
32.490355, 74.527641
32.501029, 74.533691
32.488416, 74.525336
32.48945, 74.529107
29.547549, 67.886028
29.551826, 67.874834
29.535263, 67.880237
29.551647, 67.886262
29.535169, 67.884195
29.543091, 67.884003
29.5386, 67.884667
29.55178, 67.883125
29.533482, 67.885755
29.545147, 67.883856
31.831719, 72.542983
31.825498, 72.541117
31.821316, 72.544886
31.830192, 72.541931
31.823172, 72.533896
31.818729, 72.533502
31.822605, 72.533378
31.827058, 72.537381
31.820843, 72.5386
31.818063, 72.54504
26.025542, 68.807167
26.028132, 68.817206
26.034302, 68.818106
26.034981, 68.799354
26.038645, 68.807831
26.028401, 68.807563
26.031368, 68.815749
26.02217, 68.807596
26.027823, 68.806229
26.030298, 68.817177
35.288164, 75.628867
35.298904, 75.634071
35.299357, 75.639579
35.296078, 75.637472
35.300428, 75.635444
35.290721, 75.642543
35.303537, 75.632505
35.295874, 75.634221
35.298065, 75.640917
35.297115, 75.627512
27.3042, 68.404929
27.305315, 68.388605
27.299202, 68.401391
27.312612, 68.389532
27.304372, 68.392864
27.309175, 68.404805
27.311833, 68.402781
27.310417, 68.404308
27.309297, 68.394872
27.30127, 68.388813
32.459308, 74.190981
32.471095, 74.191972
32.467803, 74.188355
32.452908, 74.175739
32.463072, 74.187087
32.464001, 74.175519
32.463934, 74.181185
32.452786, 74.188788
32.454185, 74.184243
32.456994, 74.181251
28.527757, 68.54115
28.529111, 68.551293
28.511035, 68.55081
28.520319, 68.535807
28.520034, 68.549637
28.527485, 68.537823
28.514621, 68.54914
28.512919, 68.540768
28.513607, 68.534238
28.522439, 68.552433
31.866666, 73.503247
31.866475, 73.501534
31.865264, 73.513138
31.875237, 73.516848
31.863504, 73.499264
31.867913, 73.504609
31.868784, 73.509723
31.869463, 73.509226
31.872444, 73.516998
31.856016, 73.509466
27.70968, 68.861296
27.699634, 68.864004
27.708389, 68.868752
27.707856, 68.852202
27.709346, 68.858152
27.704359, 68.864425
27.70781, 68.852637
27.711341, 68.862293
27.707924, 68.857227
27.700953, 68.854193
28.493529, 66.268993
28.484649, 66.269891
28.484695, 66.250481
28.496555, 66.258085
28.49017, 66.255874
28.492868, 66.256466
28.492669, 66.250566
28.491351, 66.266235
28.494162, 66.266571
28.492105, 66.264464
32.709927, 74.442979
32.71696, 74.454406
32.708401, 74.445712
32.725764, 74.444151
32.720472, 74.446596
32.727587, 74.444883
32.722502, 74.444339
32.722338, 74.457036
32.720161, 74.43909
32.722855, 74.451204
34.112486, 72.466005
34.128867, 72.465623
34.124154, 72.476888
34.120246, 72.475714
34.119594, 72.466198
34.128374, 72.477204
34.123336, 72.469059
34.121209, 72.464356
34.129837, 72.466587
34.111618, 72.475904
32.920989, 72.423902
32.929963, 72.414055
32.929161, 72.409069
32.928946, 72.410693
32.921592, 72.420138
32.934387, 72.412266
32.921356, 72.415774
32.933653, 72.40831
32.93587, 72.407443
32.933339, 72.419031
30.533846, 72.241925
30.523476, 72.237485
30.536105, 72.24846
30.5324, 72.234653
30.535565, 72.250307
30.532086, 72.240227
30.526637, 72.236482
30.516955, 72.249543
30.52273, 72.247659
30.534608, 72.235019
24.886031, 68.817706
24.882929, 68.811325
24.874723, 68.811814
24.881884, 68.810687
24.883925, 68.824305
24.880924, 68.82356
24.884355, 68.813373
24.892022, 68.824022
24.886953, 68.81071
24.893598, 68.823731
31.024646, 73.12598
31.026081, 73.126091
31.042263, 73.140065
31.030253, 73.123702
31.041572, 73.136944
31.031467, 73.124435
31.028562, 73.135322
31.029036, 73.128652
31.036056, 73.12688
31.027893, 73.12645
25.764301, 68.666068
25.761074, 68.668888
25.771864, 68.670248
25.773804, 68.652785
25.766996, 68.668688
25.761028, 68.671713
25.770424, 68.66937
25.763372, 68.66577
25.769678, 68.66818
25.763721, 68.652116
25.469176, 68.72028
25.464978, 68.711582
25.458885, 68.711893
25.460825, 68.725079
25.45547, 68.710838
25.452642, 68.713762
25.466745, 68.71352
25.468942, 68.723604
25.465507, 68.715625
25.462612, 68.716789
24.792571, 68.95547
24.794036, 68.967287
24.78638, 68.973196
24.788812, 68.957608
24.798607, 68.971018
24.797781, 68.971124
24.781458, 68.963666
24.783068, 68.967559
24.797772, 68.956521
24.791515, 68.957759
25.422262, 68.533591
25.423339, 68.52723
25.432203, 68.524367
25.425401, 68.536594
25.43416, 68.525483
25.436243, 68.536592
25.421951, 68.5377
25.434127, 68.538589
25.434005, 68.531361
25.434913, 68.535609
25.992173, 69.198989
26.00568, 69.202368
26.002448, 69.198817
25.994762, 69.204955
26.00439, 69.19529
25.99667, 69.209319
25.987111, 69.204519
26.001013, 69.209588
25.989429, 69.210624
25.997836, 69.201219
25.119373, 68.541371
25.130113, 68.545599
25.123045, 68.529697
25.120802, 68.533858
25.131795, 68.530746
25.120631, 68.528754
25.118727, 68.545766
25.128122, 68.529664
25.120455, 68.535696
25.126337, 68.538185
34.292309, 71.658804
34.296287, 71.64897
34.303018, 71.65944
34.295277, 71.653198
34.297985, 71.643787
34.309164, 71.65523
34.302127, 71.647173
34.29882, 71.644101
34.306385, 71.659623
34.307433, 71.643823
28.279212, 69.006004
28.273008, 69.005818
28.273436, 69.000793
28.275878, 69.003234
28.287784, 68.998948
28.273891, 68.996009
28.275791, 68.988805
28.273256, 68.997913
28.278273, 68.990545
28.284607, 68.998176
32.207523, 70.384802
32.219625, 70.375065
32.211834, 70.390695
32.216309, 70.377364
32.211027, 70.384935
32.215491, 70.38747
32.21316, 70.39307
32.224241, 70.377745
32.215363, 70.378369
32.211932, 70.384061
30.708573, 70.645878
30.698735, 70.656356
30.705648, 70.656634
30.706537, 70.646431
30.702714, 70.659193
30.698873, 70.656283
30.71186, 70.651783
30.700226, 70.657274
30.697747, 70.642931
30.7068, 70.648381
35.472493, 72.240845
35.485111, 72.238255
35.484899, 72.235245
35.485502, 72.241846
35.473825, 72.248801
35.473281, 72.238196
35.480192, 72.248438
35.473638, 72.253549
35.476495, 72.243264
35.471083, 72.246392
26.938818, 68.12044
26.950848, 68.117249
26.944411, 68.126813
26.951569, 68.109247
26.950689, 68.123107
26.93624, 68.12101
26.949577, 68.113332
26.949094, 68.108258
26.933658, 68.112499
26.938673, 68.122941
24.743529, 67.917993
24.747664, 67.931598
24.745413, 67.916986
24.74862, 67.918641
24.748232, 67.932476
24.745081, 67.920591
24.749793, 67.918182
24.752482, 67.920222
24.744463, 67.923778
24.744651, 67.920727
28.238262, 68.777653
28.2462, 68.77481
28.232993, 68.77923
28.239037, 68.781686
28.242251, 68.772987
28.232562, 68.782098
28.238942, 68.783162
28.23741, 68.780879
28.24655, 68.774598
28.249097, 68.774472
34.827595, 71.842119
34.834739, 71.852522
34.827533, 71.84122
34.831061, 71.847527
34.825823, 71.845759
34.816894, 71.854026
34.820536, 71.843371
34.820235, 71.850931
34.819373, 71.85222
34.825374, 71.854123
30.97061, 72.484932
30.970704, 72.473255
30.967088, 72.479402
30.963256, 72.489858
30.979264, 72.479439
30.976712, 72.479858
30.980884, 72.478028
30.969506, 72.480694
30.965554, 72.485404
30.973801, 72.476472
34.063013, 72.616459
34.067478, 72.615008
34.070408, 72.623916
34.066481, 72.613554
34.065993, 72.624056
34.0745, 72.613055
34.076286, 72.628486
34.076024, 72.615502
34.080214, 72.614441
34.060406, 72.621505
26.00352, 63.052095
26.003205, 63.058362
25.995552, 63.046153
25.993821, 63.040107
26.001308, 63.052883
25.995054, 63.058434
25.994804, 63.040007
26.004987, 63.039726
25.994221, 63.044178
25.9976, 63.046154
28.166517, 69.72848
28.162372, 69.726521
28.156986, 69.731188
28.155269, 69.739426
28.16417, 69.73474
28.161896, 69.736321
28.163603, 69.724099
28.166224, 69.721893
28.169278, 69.731355
28.167414, 69.739398
25.364917, 69.735953
25.369636, 69.733265
25.368809, 69.74533
25.362515, 69.732306
25.368415, 69.737018
25.367274, 69.747462
25.367816, 69.745408
25.366214, 69.749024
25.358977, 69.751509
25.363178, 69.734482
35.201224, 71.878085
35.214574, 71.877914
35.210493, 71.875003
35.21319, 71.874581
35.206922, 71.876877
35.211125, 71.880254
35.204558, 71.868497
35.209888, 71.869131
35.203363, 71.872702
35.213913, 71.881797
28.186125, 68.044517
28.168725, 68.049195
28.172876, 68.034137
28.176644, 68.048721
28.186738, 68.043929
28.185579, 68.042822
28.179125, 68.039282
28.180765, 68.03496
28.171773, 68.036626
28.186844, 68.049802
25.803221, 66.61275
25.814945, 66.6122
25.803147, 66.626177
25.812887, 66.61673
25.802138, 66.622374
25.80106, 66.627893
25.810451, 66.613976
25.802688, 66.623563
25.805333, 66.630051
25.810978, 66.623668
34.189781, 71.765558
34.177787, 71.7653
34.192878, 71.758622
34.182757, 71.770745
34.189158, 71.77214
34.193865, 71.764732
34.196239, 71.75545
34.189731, 71.760457
34.178574, 71.756957
34.191028, 71.765877
30.047898, 72.352139
30.040099, 72.350348
30.040701, 72.354591
30.038435, 72.359251
30.043346, 72.347924
30.049692, 72.360105
30.048264, 72.351565
30.051397, 72.354641
30.0501, 72.3571
30.048897, 72.357641
32.291612, 69.56555
32.306606, 69.575373
32.306041, 69.575962
32.307069, 69.567056
32.295408, 69.575518
32.301, 69.568022
32.308324, 69.570516
32.297906, 69.565723
32.306669, 69.582475
32.295038, 69.56615
27.445147, 67.793743
27.451266, 67.800042
27.443761, 67.805395
27.456592, 67.789419
27.449921, 67.790865
27.442287, 67.7905
27.441614, 67.796542
27.441671, 67.805247
27.439389, 67.801943
27.451607, 67.80457
32.43689, 74.124477
32.444809, 74.12929
32.446589, 74.1245
32.448151, 74.123073
32.437426, 74.114164
32.439766, 74.12046
32.445458, 74.116199
32.452428, 74.11477
32.450022, 74.117349
32.440699, 74.121812
29.12528, 71.746644
29.128679, 71.747856
29.121574, 71.753863
29.117011, 71.739539
29.124326, 71.740607
29.128432, 71.74452
29.127571, 71.749382
29.117922, 71.750856
29.125101, 71.748551
29.113504, 71.745589
32.343046, 74.899526
32.349523, 74.89189
32.34663, 74.894956
32.353643, 74.908728
32.341863, 74.90964
32.343876, 74.891035
32.33507, 74.896606
32.350876, 74.890131
32.341636, 74.899975
32.335004, 74.889906
28.80937, 70.530169
28.804241, 70.530409
28.805477, 70.530744
28.809243, 70.526873
28.814877, 70.526231
28.814429, 70.518141
28.82145, 70.521628
28.815166, 70.52667
28.81382, 70.517557
28.822695, 70.516288
34.064271, 72.467404
34.066185, 72.466919
34.053062, 72.476501
34.065166, 72.47271
34.05777, 72.470552
34.060101, 72.475769
34.054605, 72.457842
34.064398, 72.470476
34.064443, 72.471336
34.06239, 72.47116
31.340875, 69.452734
31.349708, 69.453577
31.339944, 69.449918
31.344919, 69.451719
31.340265, 69.447308
31.332122, 69.445638
31.334602, 69.451849
31.338818, 69.452214
31.342036, 69.457294
31.335233, 69.452544
30.380905, 67.71888
30.375526, 67.721829
30.391946, 67.726208
30.390187, 67.721524
30.375222, 67.731125
30.39081, 67.725484
30.387022, 67.734145
30.378388, 67.72306
30.387139, 67.721543
30.381788, 67.715764
