27.931049, 69.313969
27.938693, 69.313184
27.937187, 69.320874
27.944143, 69.32763
27.938668, 69.322774
27.928056, 69.32213
27.943983, 69.327888
27.92791, 69.314683
27.93658, 69.32179
27.938533, 69.309484
34.008133, 72.131479
34.010361, 72.118541
34.006613, 72.119537
34.009438, 72.126983
34.010089, 72.132113
34.002298, 72.124406
33.996862, 72.121379
34.010713, 72.13345
34.000536, 72.125279
34.004597, 72.132934
36.300143, 74.620837
36.301963, 74.623767
36.303526, 74.622433
36.303727, 74.615853
36.301481, 74.612423
36.307129, 74.618998
36.315716, 74.613118
36.303415, 74.608488
36.3015, 74.615547
36.312251, 74.606042
30.299882, 73.055783
30.290529, 73.064408
30.290956, 73.067567
30.287316, 73.068486
30.291911, 73.060238
30.2921, 73.063912
30.296248, 73.059777
30.286359, 73.074599
30.288398, 73.060737
30.287661, 73.0574
34.113211, 72.240065
34.106146, 72.237465
34.099583, 72.243866
34.10582, 72.245846
34.115548, 72.250407
34.110478, 72.250691
34.101469, 72.235553
34.101816, 72.238154
34.104423, 72.25186
34.115844, 72.239032
34.564723, 73.900268
34.561953, 73.894431
34.571588, 73.902888
34.571446, 73.896163
34.568318, 73.903932
34.573202, 73.887935
34.563743, 73.901647
34.565974, 73.90193
34.564138, 73.901863
34.57031, 73.901108
26.465954, 65.238681
26.465353, 65.238595
26.464476, 65.224729
26.456078, 65.232319
26.447822, 65.228333
26.44914, 65.240178
26.466596, 65.241329
26.460422, 65.23744
26.4538, 65.234675
26.451361, 65.222634
31.992174, 74.671128
31.988851, 74.660887
31.999614, 74.657784
31.998693, 74.654421
31.982301, 74.668004
31.992654, 74.670991
31.984812, 74.664978
31.987822, 74.664709
31.993274, 74.668618
31.998192, 74.659131
32.990998, 70.596103
32.975553, 70.607309
32.987599, 70.613014
32.989564, 70.607293
32.976237, 70.597262
32.992381, 70.607232
32.989902, 70.608399
32.986403, 70.603363
32.987797, 70.607002
32.988858, 70.611646
36.320011, 74.702426
36.322882, 74.702288
36.321883, 74.687909
36.321566, 74.692459
36.327824, 74.698795
36.321626, 74.687689
36.325519, 74.703103
36.330872, 74.688277
36.322266, 74.700613
36.331222, 74.691164
29.887834, 69.526702
29.888204, 69.516271
29.905983, 69.527727
29.906545, 69.532695
29.903955, 69.532475
29.893588, 69.520661
29.898085, 69.524357
29.906625, 69.517803
29.892454, 69.533226
29.905833, 69.524333
30.57906, 73.830788
30.575062, 73.838612
30.577811, 73.838596
30.586965, 73.83585
30.578863, 73.839409
30.570523, 73.831608
30.568343, 73.835318
30.584617, 73.845666
30.575897, 73.829718
30.583305, 73.840465
30.789725, 70.863513
30.788544, 70.869984
30.781064, 70.871614
30.789584, 70.863504
30.790489, 70.863722
30.795811, 70.868172
30.789174, 70.863349
30.791656, 70.872387
30.797553, 70.870024
30.791192, 70.872827
34.685249, 73.013673
34.667921, 73.019099
34.68169, 73.020549
34.682408, 73.022805
34.66864, 73.020125
34.683184, 73.017204
34.670915, 73.0239
34.670527, 73.021631
34.681225, 73.030434
34.668536, 73.018764
25.779003, 68.805233
25.784495, 68.815243
25.778409, 68.807651
25.787297, 68.812896
25.775789, 68.815903
25.794177, 68.810023
25.783322, 68.804576
25.790018, 68.798898
25.787783, 68.802295
25.786192, 68.803585
29.038598, 67.815121
29.03766, 67.825063
29.04938, 67.816108
29.044186, 67.815695
29.042423, 67.829331
29.043744, 67.820985
29.049061, 67.820464
29.034455, 67.827855
29.047177, 67.816537
29.040881, 67.833214
31.62555, 71.069089
31.627358, 71.054792
31.624504, 71.063021
31.617824, 71.0692
31.633568, 71.073769
31.632798, 71.066204
31.626928, 71.067421
31.622094, 71.0742
31.619052, 71.064
31.617553, 71.070703
32.258118, 72.903716
32.261385, 72.902895
32.274148, 72.894192
32.264579, 72.898497
32.27087, 72.890084
32.267573, 72.899459
32.271399, 72.904635
32.275705, 72.901119
32.267222, 72.900549
32.259009, 72.90733
31.560438, 72.640132
31.563657, 72.641984
31.560315, 72.650141
31.566863, 72.648486
31.561932, 72.658225
31.568375, 72.647823
31.565253, 72.639422
31.564515, 72.640177
31.5775, 72.647395
31.564876, 72.647987
32.97951, 74.068542
32.978372, 74.081172
32.966376, 74.086064
32.977723, 74.086075
32.981988, 74.075273
32.976686, 74.077566
32.972632, 74.08832
32.976571, 74.079183
32.976917, 74.077314
32.982072, 74.080946
25.803011, 68.483309
25.814271, 68.491884
25.806815, 68.493894
25.814887, 68.491896
25.813003, 68.500632
25.799096, 68.487156
25.811217, 68.49862
25.800174, 68.485299
25.812432, 68.484967
25.801666, 68.50114
27.179468, 68.639258
27.181964, 68.634508
27.191192, 68.629517
27.191848, 68.637878
27.186425, 68.627839
27.182121, 68.633096
27.185075, 68.641732
27.192592, 68.641206
27.191737, 68.628538
27.190614, 68.639492
24.875793, 68.34029
24.861993, 68.324335
24.857715, 68.333191
24.874758, 68.330156
24.870905, 68.335221
24.867814, 68.337858
24.873669, 68.329407
24.864479, 68.338057
24.87551, 68.341159
24.861173, 68.328346
30.743662, 73.036384
30.752535, 73.028057
30.751792, 73.034977
30.74906, 73.020116
30.752557, 73.035123
30.761151, 73.034979
30.750506, 73.034996
30.747728, 73.024298
30.755889, 73.031064
30.756815, 73.025603
30.432627, 73.051873
30.435379, 73.037718
30.428691, 73.049162
30.426554, 73.037087
30.430498, 73.047054
30.429062, 73.04182
30.434242, 73.048581
30.422755, 73.051226
30.431555, 73.039719
30.431095, 73.037034
30.426061, 72.704782
30.429778, 72.690568
30.42714, 72.702316
30.425741, 72.69738
30.430044, 72.698419
30.42767, 72.693628
30.416434, 72.698779
30.422416, 72.688245
30.428686, 72.706983
30.419231, 72.687714
31.169842, 71.213758
31.186435, 71.196342
31.179938, 71.196008
31.18754, 71.19957
31.176277, 71.204089
31.18147, 71.212126
31.176413, 71.207596
31.168025, 71.201869
31.177727, 71.195112
31.185712, 71.208143
34.156683, 71.739507
34.143892, 71.732109
34.151403, 71.74727
34.145959, 71.749539
34.145757, 71.733584
34.142207, 71.737893
34.144054, 71.738706
34.14126, 71.745788
34.158026, 71.746061
34.143588, 71.736809
32.345513, 74.706401
32.341363, 74.698978
32.339776, 74.706975
32.338428, 74.703167
32.352179, 74.712421
32.346247, 74.707466
32.343112, 74.701691
32.342026, 74.706944
32.341839, 74.703591
32.342774, 74.705626
33.823401, 71.895537
33.831723, 71.891249
33.826196, 71.893346
33.830169, 71.900587
33.828159, 71.8962
33.821365, 71.902497
33.827728, 71.900392
33.816403, 71.897897
33.816436, 71.883026
33.830132, 71.898844
25.519188, 69.777353
25.51839, 69.786169
25.504213, 69.788384
25.517944, 69.790662
25.516869, 69.791267
25.51246, 69.780356
25.514362, 69.792432
25.513034, 69.778111
25.506672, 69.789392
25.507289, 69.782864
35.409596, 74.109378
35.421484, 74.095641
35.408843, 74.094703
35.404075, 74.101323
35.417143, 74.106774
35.419276, 74.103424
35.411472, 74.103782
35.420987, 74.109066
35.41779, 74.096275
35.410956, 74.096684
31.721188, 72.968502
31.722696, 72.985245
31.728609, 72.978114
31.7202, 72.985473
31.725767, 72.971582
31.719455, 72.981008
31.725381, 72.972188
31.715221, 72.976974
31.72362, 72.984101
31.7165, 72.975527
29.792066, 72.854485
29.790794, 72.856079
29.798463, 72.867264
29.798191, 72.865274
29.798612, 72.85532
29.788506, 72.863221
29.790788, 72.850788
29.798298, 72.856397
29.789187, 72.85035
29.797372, 72.859434
32.724845, 72.983816
32.725066, 72.988239
32.725239, 72.978181
32.726428, 72.990072
32.721313, 72.986888
32.715659, 72.989888
32.711503, 72.976834
32.72637, 72.98259
32.727702, 72.992169
32.716221, 72.996136
28.013782, 67.926878
28.013209, 67.926729
28.012684, 67.914158
28.020899, 67.914281
28.020159, 67.925219
28.015176, 67.923547
28.020922, 67.912803
28.017946, 67.915471
28.017702, 67.914724
28.02218, 67.911433
30.95739, 73.979055
30.972268, 73.985698
30.95865, 73.969559
30.961351, 73.986
30.96012, 73.979813
30.967221, 73.973515
30.957584, 73.974826
30.968836, 73.985908
30.974111, 73.983183
30.964032, 73.977228
30.572782, 70.933088
30.572029, 70.938135
30.573859, 70.940458
30.564125, 70.943945
30.579181, 70.929679
30.565616, 70.934289
30.57925, 70.946007
30.568815, 70.933555
30.574686, 70.931744
30.561275, 70.937731
29.549049, 70.380567
29.566322, 70.386138
29.549426, 70.369954
29.562515, 70.372028
29.557047, 70.379762
29.564313, 70.375671
29.557378, 70.374988
29.563038, 70.370723
29.566125, 70.379153
29.556233, 70.376471
28.885423, 64.413614
28.892303, 64.406782
28.891264, 64.399948
28.882934, 64.398606
28.879087, 64.415125
28.888673, 64.40301
28.8859, 64.400923
28.88092, 64.413563
28.880366, 64.408889
28.880196, 64.399923
32.649326, 72.984657
32.636762, 72.980253
32.643232, 72.968853
32.633454, 72.971532
32.647233, 72.966927
32.63773, 72.981172
32.632394, 72.975762
32.650564, 72.984529
32.64167, 72.971843
32.638024, 72.972112
32.325704, 74.343496
32.315124, 74.344835
32.327089, 74.34156
32.316751, 74.356478
32.322672, 74.349065
32.322599, 74.342486
32.315581, 74.348257
32.324041, 74.35292
32.32173, 74.343309
32.326516, 74.358715
35.286955, 73.284368
35.293808, 73.288948
35.288981, 73.283314
35.297113, 73.283619
35.286622, 73.285282
35.289312, 73.300151
35.292292, 73.281839
35.288881, 73.290512
35.290162, 73.288658
35.294189, 73.282236
25.496403, 69.562505
25.507023, 69.574204
25.500372, 69.573356
25.513084, 69.565614
25.511134, 69.571331
25.513779, 69.56102
25.511119, 69.571291
25.506866, 69.566522
25.505517, 69.568669
25.511825, 69.565492
29.758584, 73.25724
29.770133, 73.275028
29.769711, 73.256487
29.771601, 73.272525
29.759858, 73.255715
29.761972, 73.256492
29.761333, 73.261808
29.775542, 73.271898
29.759454, 73.269452
29.756872, 73.273374
24.467603, 69.587865
24.474799, 69.58593
24.468283, 69.573749
24.472304, 69.580035
24.466981, 69.586205
24.472923, 69.583107
24.474531, 69.588856
24.466553, 69.586545
24.466261, 69.576721
24.468593, 69.589695
27.374137, 68.094392
27.379724, 68.094825
27.368984, 68.099447
27.365548, 68.094536
27.367915, 68.101207
27.37473, 68.09759
27.37238, 68.090709
27.366121, 68.089935
27.368892, 68.10614
27.383935, 68.103118
31.83204, 71.428334
31.831705, 71.436953
31.832412, 71.428593
31.837394, 71.430404
31.824608, 71.43415
31.839134, 71.432819
31.840122, 71.431634
31.839341, 71.428224
31.835705, 71.442181
31.83039, 71.426552
29.742323, 73.242249
29.757528, 73.237497
29.75074, 73.251628
29.759405, 73.244965
29.752245, 73.240652
29.757995, 73.240414
29.751346, 73.251013
29.744603, 73.25074
29.740207, 73.241865
29.746237, 73.249482
25.120616, 66.724148
25.124649, 66.724485
25.110589, 66.734057
25.120115, 66.736621
25.114635, 66.739665
25.120937, 66.724718
25.119156, 66.729542
25.123804, 66.736027
25.126695, 66.720709
25.117429, 66.737687
30.839984, 71.895943
30.839575, 71.901313
30.826257, 71.90134
30.84117, 71.914705
30.835368, 71.90617
30.835358, 71.89795
30.836188, 71.904359
30.82639, 71.901797
30.824863, 71.912948
30.838248, 71.914144
28.135558, 69.07801
28.143814, 69.073053
28.137638, 69.079496
28.136508, 69.07677
28.143447, 69.077192
28.148803, 69.079679
28.133612, 69.07802
28.129409, 69.072497
28.129267, 69.075893
28.145939, 69.082591
28.00052, 69.318739
27.995566, 69.316153
28.011418, 69.310092
28.00706, 69.318239
27.999665, 69.319476
27.998032, 69.319931
28.0008, 69.319994
27.995148, 69.313624
28.012129, 69.317652
27.99639, 69.30907
35.921292, 74.311107
35.911779, 74.309145
35.926961, 74.307561
35.91393, 74.306834
35.925231, 74.308348
35.923867, 74.320273
35.910807, 74.303682
35.927571, 74.321463
35.923539, 74.322204
35.92722, 74.313008
25.818737, 68.428798
25.823769, 68.431169
25.806586, 68.424448
25.818767, 68.415386
25.81162, 68.425534
25.805721, 68.429332
25.819195, 68.425418
25.808336, 68.41637
25.812504, 68.417384
25.811461, 68.421524
30.09607, 67.944883
30.094426, 67.931085
30.094193, 67.93036
30.107591, 67.932506
30.091102, 67.939492
30.109199, 67.93126
30.099402, 67.934047
30.0955, 67.928575
30.092211, 67.947789
30.102892, 67.947645
34.043932, 73.163874
34.050648, 73.165418
34.060125, 73.154408
34.051245, 73.153672
34.059647, 73.150554
34.059866, 73.153784
34.047776, 73.155818
34.04433, 73.168739
34.062338, 73.160528
34.055109, 73.162097
29.635328, 70.602126
29.637942, 70.605066
29.638389, 70.594013
29.651216, 70.604804
29.635748, 70.59036
29.651689, 70.59199
29.637498, 70.603869
29.651353, 70.602706
29.650394, 70.602866
29.647833, 70.586739
33.428951, 72.009288
33.430827, 72.011321
33.429945, 72.025298
33.42555, 72.013789
33.440554, 72.014691
33.428182, 72.015802
33.440299, 72.009323
33.43406, 72.009655
33.435486, 72.022143
33.427955, 72.027553
31.815194, 73.917489
31.817357, 73.926473
31.821471, 73.914384
31.828245, 73.925946
31.829952, 73.927751
31.824413, 73.912584
31.816529, 73.924301
31.815654, 73.909698
31.824256, 73.911999
31.825366, 73.918329
31.326355, 73.416238
31.330481, 73.414901
31.332231, 73.41261
31.331797, 73.422336
31.332564, 73.427507
31.337592, 73.417639
31.331064, 73.421347
31.336927, 73.423255
31.32374, 73.412834
31.332378, 73.427225
24.358847, 68.269411
24.351211, 68.26064
24.349752, 68.267129
24.352349, 68.268725
24.350171, 68.265755
24.3593, 68.265036
24.350537, 68.265749
24.34649, 68.263541
24.34657, 68.272367
24.364451, 68.273942
29.514705, 70.851073
29.522285, 70.843265
29.514764, 70.841793
29.521657, 70.84934
29.523509, 70.835285
29.517646, 70.850801
29.521351, 70.836535
29.519985, 70.848953
29.517813, 70.841449
29.520672, 70.840108
32.2903, 72.281071
32.291022, 72.275005
32.29185, 72.286767
32.300085, 72.287468
32.291926, 72.28268
32.294333, 72.272701
32.280516, 72.28338
32.281482, 72.284832
32.283388, 72.289829
32.296453, 72.286646
31.272539, 72.325261
31.277516, 72.320858
31.274437, 72.314181
31.276973, 72.308962
31.270774, 72.309855
31.263201, 72.310495
31.278166, 72.319102
31.267998, 72.325074
31.279528, 72.323515
31.277422, 72.313864
29.618605, 71.918753
29.62356, 71.907688
29.624483, 71.923561
29.625692, 71.919119
29.624189, 71.910464
29.618178, 71.922753
29.633309, 71.915924
29.61601, 71.916373
29.633553, 71.923262
29.626813, 71.918326
33.598229, 73.393832
33.596004, 73.381035
33.582218, 73.383456
33.590187, 73.396466
33.588205, 73.381518
33.583795, 73.390559
33.585164, 73.377901
33.593956, 73.396496
33.585581, 73.385785
33.593729, 73.388498
31.969226, 73.5974
31.977557, 73.595066
31.983137, 73.595358
31.974478, 73.593224
31.967736, 73.607676
31.9777, 73.596246
31.97945, 73.596776
31.979112, 73.595125
31.973105, 73.590558
31.975374, 73.598195
32.784701, 72.690554
32.789966, 72.688614
32.775783, 72.688108
32.771926, 72.692981
32.781831, 72.704151
32.777306, 72.706709
32.775739, 72.690197
32.776632, 72.688809
32.77248, 72.707028
32.770773, 72.69088
33.751557, 73.503064
33.754972, 73.503565
33.75068, 73.520014
33.752937, 73.503529
33.743646, 73.51096
33.73921, 73.52063
33.756178, 73.514786
33.747394, 73.508613
33.74619, 73.510035
33.748236, 73.520507
28.246879, 69.17581
28.254594, 69.178819
28.242575, 69.175543
28.249455, 69.170705
28.245147, 69.181701
28.237003, 69.186924
28.248599, 69.183363
28.249593, 69.180026
28.236806, 69.175439
28.255714, 69.173067
30.769484, 74.124487
30.770527, 74.119018
30.764388, 74.122616
30.770224, 74.116384
30.757577, 74.121408
30.771068, 74.124826
30.76396, 74.12306
30.772201, 74.131644
30.768537, 74.124398
30.757138, 74.126193
24.798662, 68.600981
24.807871, 68.600315
24.814053, 68.612401
24.812724, 68.612239
24.808957, 68.607869
24.814181, 68.598394
24.801825, 68.595311
24.816279, 68.60343
24.80366, 68.611987
24.817506, 68.594994
31.2314, 70.951953
31.231709, 70.949492
31.232245, 70.960431
31.221252, 70.950475
31.231906, 70.957142
31.218178, 70.943824
31.218228, 70.942064
31.225166, 70.950978
31.224393, 70.947049
31.215846, 70.95576
28.426879, 69.589611
28.425728, 69.575688
28.424587, 69.584528
28.425117, 69.585231
28.441598, 69.578323
28.435734, 69.584025
28.423156, 69.584014
28.439439, 69.593607
28.437563, 69.576705
28.428093, 69.585452
32.269386, 72.498486
32.262159, 72.492455
32.266515, 72.502816
32.253631, 72.498848
32.265572, 72.501563
32.253197, 72.501006
32.255821, 72.496895
32.262709, 72.495288
32.259666, 72.495169
32.262262, 72.497712
24.144568, 67.449198
24.140175, 67.456938
24.146002, 67.452569
24.143429, 67.460812
24.13721, 67.448533
24.151491, 67.455611
24.151571, 67.453928
24.149979, 67.446207
24.136951, 67.459921
24.135422, 67.441101
30.744997, 67.715793
30.750179, 67.701855
30.744048, 67.718978
30.752593, 67.709102
30.75506, 67.720266
30.748046, 67.720961
30.751331, 67.702922
30.752293, 67.708639
30.744121, 67.720901
30.761437, 67.713876
26.151193, 68.719485
26.157012, 68.712711
26.154557, 68.719349
26.152113, 68.714516
26.142198, 68.722703
26.145283, 68.716499
26.148673, 68.708378
26.140245, 68.718459
26.143078, 68.715428
26.144689, 68.711246
34.069257, 72.886311
34.050961, 72.897076
34.066987, 72.884341
34.061409, 72.899209
34.056592, 72.882689
34.051063, 72.880185
34.069902, 72.897547
34.053197, 72.883864
34.060101, 72.897285
34.060018, 72.893142
32.748429, 72.735968
32.740869, 72.744263
32.750265, 72.737185
32.744968, 72.741512
32.751566, 72.737768
32.746977, 72.739366
32.740358, 72.735937
32.752305, 72.731054
32.743972, 72.740462
32.736877, 72.735355
31.831249, 73.62872
31.825933, 73.61464
31.83294, 73.612921
31.831271, 73.629123
31.825167, 73.621279
31.825006, 73.628714
31.834412, 73.625533
31.823942, 73.628456
31.824538, 73.617918
31.834171, 73.621202
28.584902, 65.421875
28.575456, 65.41028
28.579777, 65.416976
28.58671, 65.40836
28.581568, 65.411604
28.594414, 65.410853
28.593022, 65.414043
28.578641, 65.407628
28.575809, 65.417132
28.592958, 65.421486
31.502606, 73.268075
31.491366, 73.257676
31.500739, 73.275326
31.504336, 73.268093
31.508012, 73.25938
31.491431, 73.270325
31.493079, 73.276251
31.492524, 73.269717
31.504694, 73.276693
31.50642, 73.275787
27.820226, 66.613557
27.813134, 66.619468
27.80574, 66.610373
27.810977, 66.613732
27.8051, 66.604766
27.804772, 66.611209
27.819027, 66.606148
27.816915, 66.611412
27.802783, 66.614535
27.8038, 66.606854
30.464239, 70.96327
30.465369, 70.976392
30.475953, 70.972168
30.468907, 70.961276
30.477819, 70.96347
30.472611, 70.96676
30.473028, 70.976384
30.46686, 70.964497
30.468307, 70.962725
30.466527, 70.964257
27.347383, 68.710697
27.349207, 68.711987
27.339897, 68.708616
27.351381, 68.713709
27.345128, 68.699591
27.336391, 68.709432
27.344318, 68.698729
27.334502, 68.699521
27.342032, 68.701587
27.342354, 68.709201
32.327367, 74.542629
32.338551, 74.553892
32.339995, 74.556331
32.3335, 74.539032
32.324634, 74.546117
32.334618, 74.542802
32.323983, 74.553707
32.327509, 74.544614
32.337036, 74.546959
32.32845, 74.547635
30.210815, 66.987827
30.202787, 66.978035
30.205508, 66.994118
30.203282, 66.982627
30.204647, 66.996901
30.213437, 66.991137
30.212999, 66.99421
30.213539, 66.980417
30.199245, 66.992319
30.208348, 66.987727
32.178889, 73.027499
32.192065, 73.031715
32.198093, 73.029467
32.186796, 73.030974
32.179268, 73.035732
32.183374, 73.037349
32.190384, 73.035944
32.179154, 73.021609
32.182174, 73.036347
32.193914, 73.028799
31.166404, 74.094169
31.177026, 74.103028
31.163938, 74.109286
31.17453, 74.104795
31.172793, 74.105312
31.160704, 74.104001
31.164343, 74.101582
31.173858, 74.107952
31.177173, 74.093551
31.180476, 74.104456
32.422035, 74.631759
32.4097, 74.62118
32.416876, 74.638108
32.415979, 74.619444
32.413327, 74.633341
32.419267, 74.619189
32.418778, 74.637546
32.419108, 74.61997
32.406243, 74.637727
32.415293, 74.633109
28.550382, 70.46678
28.559137, 70.470093
28.559325, 70.46149
28.546315, 70.473656
28.553752, 70.473376
28.558711, 70.475417
28.549003, 70.47492
28.548535, 70.475353
28.544799, 70.460938
28.558163, 70.461976
30.765611, 70.927164
30.776657, 70.93024
30.766533, 70.938325
30.777557, 70.923819
30.767392, 70.929233
30.78033, 70.940851
30.764087, 70.923692
30.766293, 70.93175
30.771694, 70.93871
30.766531, 70.934604
25.363871, 68.310585
25.357436, 68.312415
25.360811, 68.312062
25.368783, 68.315922
25.371006, 68.298564
25.369235, 68.300507
25.357706, 68.312725
25.375239, 68.316204
25.374006, 68.317131
25.373559, 68.314959
32.467353, 71.476402
32.457981, 71.484114
32.462967, 71.479477
32.461259, 71.487105
32.463392, 71.487349
32.466147, 71.477488
32.450201, 71.481589
32.459702, 71.473635
32.464458, 71.473571
32.458603, 71.472254
32.538834, 73.975429
32.524863, 73.981987
32.537258, 73.972248
32.521862, 73.97797
32.537355, 73.96901
32.52481, 73.972875
32.538586, 73.971984
32.534759, 73.978744
32.52815, 73.976671
32.539406, 73.984833
33.377183, 71.343514
33.378158, 71.327526
33.383995, 71.335252
33.374581, 71.344561
33.383452, 71.329433
33.382658, 71.328152
33.388171, 71.329977
33.377115, 71.329274
33.391996, 71.337619
33.392703, 71.333643
32.6145, 70.918272
32.59826, 70.920657
32.598076, 70.911442
32.61419, 70.920144
32.610897, 70.907384
32.604538, 70.90781
32.60158, 70.909994
32.598272, 70.90745
32.60072, 70.910814
32.607613, 70.918104
34.093085, 71.148392
34.095847, 71.138542
34.088857, 71.143021
34.100302, 71.134153
34.093072, 71.138604
34.093516, 71.131294
34.105104, 71.146433
34.091686, 71.145385
34.100578, 71.135832
34.098168, 71.142664
30.963406, 70.941948
30.963089, 70.939925
30.96447, 70.932747
30.965629, 70.940828
30.966027, 70.930291
30.966619, 70.934359
30.963074, 70.932674
30.964636, 70.944306
30.967604, 70.938189
30.965924, 70.939613
32.203634, 72.959358
32.204016, 72.951714
32.213308, 72.960789
32.201674, 72.94811
32.198691, 72.958394
32.208707, 72.950095
32.194645, 72.959174
32.206359, 72.949426
32.208038, 72.954478
32.197067, 72.949797
27.750608, 68.447129
27.754223, 68.442177
27.756997, 68.446228
27.746211, 68.458159
27.757179, 68.45218
27.762474, 68.448892
27.760069, 68.4461
27.755624, 68.449389
27.743962, 68.45984
27.756064, 68.442621
29.803133, 72.171825
29.805795, 72.182224
29.80471, 72.177971
29.809444, 72.167213
29.808508, 72.172061
29.800163, 72.174428
29.807503, 72.175383
29.80712, 72.168849
29.805827, 72.165179
29.798183, 72.169571
24.94654, 67.201795
24.948266, 67.209402
24.938749, 67.199485
24.940771, 67.212854
24.949567, 67.205522
24.937584, 67.206917
24.951975, 67.203101
24.935611, 67.212196
24.944086, 67.212602
24.948124, 67.199823
30.828302, 72.805998
30.824769, 72.800255
30.825263, 72.807069
30.840395, 72.792713
30.838593, 72.796815
30.839502, 72.807507
30.821538, 72.79866
30.837099, 72.793891
30.83161, 72.809409
30.821651, 72.794278
31.390631, 71.439969
31.397346, 71.446792
31.381633, 71.439919
31.38567, 71.438758
31.381761, 71.43908
31.3779, 71.432275
31.393565, 71.444513
31.386021, 71.442231
31.378463, 71.438817
31.3869, 71.439681
29.806745, 66.840344
29.793871, 66.837474
29.804183, 66.840486
29.792398, 66.852431
29.796266, 66.845867
29.793755, 66.836793
29.805058, 66.847373
29.809005, 66.8502
29.791822, 66.842973
29.79924, 66.841664
25.587628, 68.437869
25.599409, 68.446913
25.588846, 68.452066
25.597966, 68.438271
25.603468, 68.451095
25.606979, 68.455406
25.588125, 68.437289
25.595981, 68.437607
25.59515, 68.446631
25.588263, 68.455323
25.04632, 68.652424
25.033395, 68.659176
25.048454, 68.648474
25.05036, 68.655431
25.043572, 68.662966
25.043387, 68.655403
25.040663, 68.662486
25.036975, 68.649894
25.051564, 68.65278
25.040093, 68.650362
27.18229, 67.829241
27.170407, 67.828675
27.183294, 67.814858
27.185299, 67.823801
27.18739, 67.815548
27.188133, 67.827138
27.184997, 67.819789
27.184418, 67.827992
27.186342, 67.825512
27.187123, 67.8191
32.779436, 73.818221
32.783204, 73.830548
32.78882, 73.829308
32.793167, 73.830885
32.779972, 73.817647
32.778054, 73.813994
32.784362, 73.831812
32.784899, 73.829973
32.782762, 73.828151
32.790435, 73.816167
30.441955, 72.363785
30.444356, 72.355844
30.445837, 72.364776
30.432971, 72.350946
30.432566, 72.362132
30.431931, 72.361848
30.450152, 72.355238
30.434264, 72.364877
30.444354, 72.35247
30.441326, 72.350163
31.205061, 73.95089
31.208121, 73.948748
31.199706, 73.938881
31.201872, 73.953308
31.201634, 73.942232
31.208127, 73.944947
31.201483, 73.957567
31.206184, 73.958144
31.206953, 73.95786
31.211497, 73.957628
30.170678, 73.560093
30.169709, 73.560461
30.157522, 73.569963
30.164825, 73.573631
30.155663, 73.576241
30.161918, 73.578009
30.159996, 73.568839
30.162571, 73.566748
30.172595, 73.571948
30.163477, 73.566088
32.99424, 70.069791
33.006609, 70.078723
32.996901, 70.06567
32.997651, 70.066853
33.007049, 70.064082
32.993781, 70.061969
33.000119, 70.079622
32.99247, 70.079642
33.008472, 70.072566
33.003714, 70.071084
27.764209, 68.096799
27.765424, 68.085625
27.757898, 68.089474
27.759769, 68.097056
27.768123, 68.086539
27.756592, 68.09713
27.758, 68.093755
27.763882, 68.087195
27.758764, 68.097707
27.756867, 68.091856
24.734146, 68.254657
24.725292, 68.262429
24.734214, 68.268045
24.737193, 68.26136
24.72604, 68.263342
24.736313, 68.261752
24.71942, 68.259418
24.73365, 68.257196
24.727756, 68.262788
24.728607, 68.260292
28.021395, 69.54038
28.027042, 69.551185
28.027673, 69.55303
28.013937, 69.554028
28.016891, 69.550406
28.027334, 69.542581
28.023456, 69.54332
28.013266, 69.552984
28.017768, 69.544697
28.02098, 69.552444
24.553966, 67.637295
24.541711, 67.635175
24.54053, 67.634992
24.543318, 67.62684
24.549198, 67.635308
24.542588, 67.63322
24.548618, 67.633273
24.541457, 67.621497
24.548839, 67.622454
24.551834, 67.618796
25.30907, 69.057282
25.312283, 69.051272
25.316784, 69.045413
25.307673, 69.053866
25.300455, 69.040845
25.319335, 69.052465
25.312688, 69.057621
25.306263, 69.055935
25.311555, 69.044711
25.315421, 69.048624
24.728816, 69.787274
24.733255, 69.804713
24.741575, 69.803055
24.730892, 69.806945
24.733683, 69.806332
24.736838, 69.794019
24.727491, 69.793407
24.741029, 69.791537
24.742226, 69.805333
24.731679, 69.798959
26.655326, 68.000082
26.662563, 68.000678
26.665996, 68.001511
26.662362, 68.001411
26.669012, 67.992074
26.662379, 67.994169
26.655382, 67.995802
26.666559, 68.005443
26.660171, 67.990673
26.661146, 67.997336
30.798546, 70.847372
30.815386, 70.84921
30.814748, 70.851767
30.799151, 70.84277
30.811822, 70.856823
30.800553, 70.853362
30.804158, 70.845746
30.814453, 70.843305
30.798369, 70.855395
30.811277, 70.840319
30.856523, 69.824537
30.85722, 69.824431
30.857214, 69.822201
30.855495, 69.814066
30.864018, 69.822528
30.850615, 69.816942
30.856148, 69.831795
30.866048, 69.814773
30.854797, 69.821455
30.85428, 69.818892
25.058413, 69.649108
25.074375, 69.638798
25.057511, 69.645351
25.075555, 69.641422
25.069048, 69.633499
25.06302, 69.637263
25.065223, 69.640476
25.061403, 69.637789
25.065118, 69.638074
25.057358, 69.648434
31.902026, 74.52309
31.907005, 74.52017
31.899616, 74.514167
31.911224, 74.513207
31.89542, 74.513436
31.900412, 74.52031
31.903297, 74.506241
31.900473, 74.519132
31.899716, 74.523899
31.898669, 74.521371
27.663308, 68.354246
27.663057, 68.351884
27.660721, 68.35418
27.658012, 68.367053
27.674313, 68.359361
27.660835, 68.364979
27.67354, 68.367585
27.657666, 68.365857
27.673987, 68.361177
27.664151, 68.363036
24.849819, 69.398722
24.867859, 69.398039
24.862673, 69.407726
24.86258, 69.408879
24.857127, 69.40967
24.865128, 69.396348
24.860373, 69.392643
24.859108, 69.406815
24.858965, 69.411129
24.866773, 69.407623
31.965688, 73.975222
31.97091, 73.962498
31.961892, 73.96623
31.968349, 73.972303
31.970171, 73.96477
31.960367, 73.974511
31.96644, 73.969415
31.97222, 73.971624
31.970544, 73.97018
31.959404, 73.967919
26.841308, 68.121915
26.836935, 68.129996
26.835505, 68.116835
26.832936, 68.120041
26.830703, 68.123559
26.834225, 68.116867
26.843593, 68.115164
26.8476, 68.128324
26.842849, 68.125135
26.834713, 68.122297
33.297638, 73.48022
33.297562, 73.493155
33.303597, 73.479591
33.315853, 73.492689
33.311496, 73.487832
33.313263, 73.492624
33.298158, 73.48599
33.308907, 73.486627
33.309301, 73.476414
33.305829, 73.481015
34.249187, 71.972994
34.243262, 71.96917
34.24689, 71.968295
34.250072, 71.964817
34.252912, 71.963711
34.258546, 71.97485
34.251608, 71.966375
34.245793, 71.96496
34.242351, 71.970336
34.260261, 71.963627
34.001382, 72.007252
33.992337, 72.005519
33.994208, 71.998153
33.998533, 71.990144
33.999052, 71.991283
33.99133, 71.997481
34.004727, 71.994518
33.991748, 72.007403
34.002776, 71.999562
33.996846, 72.001552
29.54378, 66.016113
29.557127, 66.031505
29.542924, 66.018876
29.549543, 66.025637
29.546121, 66.024726
29.542475, 66.013168
29.552329, 66.032631
29.555844, 66.025307
29.561165, 66.017043
29.560024, 66.032451
25.214816, 64.636073
25.205535, 64.634309
25.213941, 64.631878
25.202117, 64.642231
25.204862, 64.636142
25.210377, 64.643861
25.205843, 64.644173
25.217957, 64.632323
25.203993, 64.644478
25.208347, 64.642404
34.015666, 71.800786
34.003894, 71.792561
34.008601, 71.794534
34.017841, 71.801651
34.00369, 71.803877
34.001405, 71.789108
34.000682, 71.791518
34.013295, 71.785396
34.00643, 71.786396
34.00511, 71.788882
26.780778, 68.306768
26.78365, 68.292653
26.766585, 68.302264
26.765824, 68.299948
26.783406, 68.292022
26.771103, 68.307511
26.767439, 68.300569
26.765039, 68.291431
26.772565, 68.305549
26.769212, 68.304267
26.970823, 64.090154
26.964969, 64.102079
26.967581, 64.10266
26.97921, 64.091297
26.977546, 64.087341
26.962521, 64.095749
26.977668, 64.091212
26.963883, 64.102608
26.965265, 64.097514
26.978913, 64.098203
27.846412, 69.115961
27.847013, 69.120337
27.848429, 69.118395
27.862293, 69.11245
27.852408, 69.116588
27.865696, 69.109991
27.849016, 69.113981
27.853165, 69.111391
27.864727, 69.110928
27.846992, 69.120067
33.897965, 70.107703
33.899069, 70.095261
33.896967, 70.102931
33.900144, 70.095186
33.890403, 70.10117
33.894134, 70.108172
33.890657, 70.100444
33.901632, 70.099786
33.892629, 70.10877
33.908163, 70.107621
25.263315, 63.46427
25.270349, 63.46716
25.264029, 63.466638
25.258462, 63.459579
25.258733, 63.460827
25.270111, 63.46853
25.259543, 63.460867
25.26003, 63.462089
25.270267, 63.46511
25.269875, 63.470552
32.253254, 74.666738
32.253784, 74.656483
32.254963, 74.663508
32.272457, 74.67093
32.25847, 74.665447
32.25954, 74.671768
32.268352, 74.672403
32.271087, 74.660285
32.27159, 74.658869
32.254626, 74.659837
31.021054, 73.846675
31.017796, 73.857113
31.015197, 73.860077
31.020195, 73.843985
31.028935, 73.861979
31.020058, 73.848696
31.018311, 73.848775
31.012494, 73.844041
31.02124, 73.846249
31.02629, 73.862802
32.431738, 73.57954
32.42425, 73.582859
32.429873, 73.579454
32.439382, 73.582893
32.439241, 73.574215
32.4379, 73.575675
32.435779, 73.571745
32.433099, 73.585914
32.426577, 73.585173
32.436126, 73.570024
32.57948, 73.046899
32.589691, 73.042964
32.587417, 73.035951
32.578747, 73.047129
32.580639, 73.036591
32.587219, 73.044848
32.582691, 73.049859
32.588729, 73.04807
32.585258, 73.051482
32.577297, 73.05048
27.589095, 68.623334
27.585986, 68.624779
27.595923, 68.609262
27.594055, 68.623721
27.591148, 68.611215
27.589858, 68.612361
27.584522, 68.620268
27.587203, 68.609374
27.58704, 68.626158
27.601429, 68.627475
30.761604, 72.424835
30.772271, 72.443095
30.757956, 72.431092
30.774784, 72.439551
30.772968, 72.430962
30.776627, 72.438185
30.764605, 72.425807
30.76484, 72.437638
30.775555, 72.436962
30.764596, 72.436904
30.575649, 66.99869
30.576759, 66.987788
30.576606, 67.004
30.578461, 66.992627
30.576956, 66.988938
30.587833, 66.993592
30.582213, 66.987766
30.58182, 67.004019
30.581658, 66.987758
30.577357, 66.993822
25.513347, 69.373031
25.519956, 69.369675
25.515515, 69.374822
25.511751, 69.375587
25.507759, 69.370054
25.512929, 69.385017
25.514145, 69.381904
25.507481, 69.383062
25.508147, 69.370809
25.513266, 69.371469
30.297858, 71.680629
30.297801, 71.677089
30.295762, 71.671826
30.284928, 71.677348
30.28408, 71.67512
30.295737, 71.668797
30.289369, 71.664927
30.298353, 71.671532
30.285119, 71.662683
30.283128, 71.66646
30.737513, 66.65182
30.729996, 66.652362
30.734177, 66.660353
30.720481, 66.663867
30.734372, 66.65835
30.718412, 66.65456
30.722171, 66.670205
30.737501, 66.656516
30.734376, 66.653083
30.730119, 66.65549
30.701833, 68.352559
30.698259, 68.368076
30.698043, 68.361502
30.707315, 68.350891
30.693456, 68.350901
30.702837, 68.363913
30.7071, 68.366718
30.708715, 68.353113
30.698594, 68.355587
30.70263, 68.351034
31.216669, 74.264463
31.220509, 74.250005
31.221943, 74.26215
31.216724, 74.249462
31.225191, 74.25116
31.211102, 74.261843
31.226589, 74.248163
31.211366, 74.263998
31.211774, 74.259942
31.215947, 74.262382
24.990835, 68.845917
24.9778, 68.84913
24.989503, 68.847695
24.988094, 68.849681
24.992214, 68.86235
24.975787, 68.857179
24.991367, 68.852897
24.974017, 68.860864
24.978893, 68.859905
24.984419, 68.859568
27.810152, 68.295159
27.793587, 68.284987
27.798494, 68.279105
27.797152, 68.279115
27.80666, 68.289769
27.793435, 68.298584
27.793767, 68.296953
27.808438, 68.296695
27.794238, 68.284644
27.800724, 68.291491
33.862794, 73.768661
33.866558, 73.764979
33.864402, 73.765007
33.864206, 73.762044
33.861951, 73.768245
33.854655, 73.753982
33.851385, 73.756255
33.849302, 73.76722
33.857528, 73.766716
33.852925, 73.763204
30.874961, 73.599399
30.888522, 73.591487
30.875244, 73.591084
30.873175, 73.603574
30.876297, 73.593153
30.876302, 73.606794
30.87597, 73.607185
30.869275, 73.595638
30.873463, 73.60004
30.880435, 73.594374
34.058241, 71.997952
34.054504, 71.997878
34.05913, 71.988829
34.058507, 71.999443
34.052335, 71.989509
34.056731, 71.990769
34.056338, 71.995444
34.052393, 71.991246
34.059656, 72.002749
34.053652, 71.988852
28.695427, 69.947995
28.68178, 69.962434
28.690654, 69.955864
28.677664, 69.954984
28.695003, 69.946639
28.693351, 69.958132
28.684949, 69.954509
28.681258, 69.960444
28.688751, 69.961736
28.694924, 69.956565
34.737946, 72.350515
34.752855, 72.35301
34.743367, 72.35328
34.737517, 72.364197
34.744663, 72.355892
34.749175, 72.349367
34.746251, 72.358873
34.749138, 72.360495
34.738664, 72.363912
34.75292, 72.347044
26.129548, 68.268494
26.135758, 68.281361
26.130213, 68.275428
26.135982, 68.281705
26.145497, 68.284119
26.128966, 68.282978
26.139412, 68.266794
26.139753, 68.273548
26.135037, 68.27943
26.129297, 68.280517
25.291289, 69.393564
25.273585, 69.405453
25.285992, 69.403473
25.277153, 69.401371
25.27221, 69.389165
25.285506, 69.399759
25.271536, 69.405156
25.284835, 69.390146
25.284343, 69.400576
25.277171, 69.389817
31.709712, 73.376604
31.716486, 73.391681
31.71701, 73.374667
31.714388, 73.380114
31.725663, 73.38836
31.718315, 73.380398
31.722991, 73.383003
31.71691, 73.390245
31.716237, 73.385558
31.726371, 73.374735
26.036897, 68.141984
26.041339, 68.130921
26.030359, 68.133003
26.039559, 68.132319
26.038019, 68.134885
26.03168, 68.144505
26.045548, 68.143379
26.030486, 68.145812
26.039752, 68.133131
26.048554, 68.128242
32.831768, 70.787518
32.825347, 70.779873
32.822384, 70.77933
32.829652, 70.787516
32.821356, 70.775953
32.828755, 70.782004
32.827583, 70.78064
32.819445, 70.779798
32.824531, 70.775401
32.816668, 70.786353
30.584821, 71.97025
30.584774, 71.965207
30.585422, 71.978256
30.603413, 71.967502
30.595414, 71.976843
30.596607, 71.977918
30.595996, 71.978335
30.599774, 71.978877
30.599714, 71.961292
30.600607, 71.975782
27.203532, 68.464402
27.213723, 68.469185
27.21044, 68.463418
27.222137, 68.469784
27.219358, 68.463954
27.215266, 68.469053
27.214549, 68.474689
27.21396, 68.460879
27.220513, 68.459585
27.21136, 68.4592
34.218071, 71.558386
34.214759, 71.549826
34.214772, 71.549942
34.218089, 71.547617
34.214919, 71.558052
34.218802, 71.554623
34.216817, 71.552991
34.213275, 71.561446
34.214627, 71.549876
34.208227, 71.555974
27.847998, 67.915801
27.839883, 67.908434
27.839281, 67.901271
27.848856, 67.906603
27.841455, 67.900911
27.837776, 67.909915
27.851856, 67.906499
27.838671, 67.908302
27.838639, 67.89892
27.840673, 67.902218
26.160041, 68.655437
26.151183, 68.645537
26.15283, 68.651215
26.146311, 68.657946
26.163884, 68.640896
26.15655, 68.652427
26.160549, 68.640439
26.147131, 68.654859
26.146561, 68.653611
26.157029, 68.65477
32.25881, 75.15059
32.269719, 75.155483
32.253693, 75.150186
32.253827, 75.166013
32.264856, 75.152323
32.254379, 75.16029
32.255759, 75.161414
32.26767, 75.156611
32.260699, 75.150524
32.258402, 75.156873
31.470438, 74.109768
31.470102, 74.110862
31.453197, 74.100664
31.467335, 74.102503
31.470207, 74.109097
31.460088, 74.096947
31.457453, 74.094309
31.451389, 74.09416
31.46304, 74.109959
31.470502, 74.095959
34.67444, 72.988864
34.679735, 72.989689
34.680058, 72.989332
34.684932, 72.978986
34.669053, 72.994659
34.688691, 72.991601
34.675881, 72.97701
34.671533, 72.988867
34.685716, 72.989442
34.673469, 72.993314
34.333548, 71.170129
34.321032, 71.17395
34.333487, 71.187558
34.329601, 71.185905
34.326995, 71.170475
34.337929, 71.175313
34.329144, 71.185132
34.320857, 71.18492
34.320724, 71.168865
34.323157, 71.179737
31.909759, 70.872968
31.913519, 70.873674
31.908609, 70.883113
31.911958, 70.87111
31.90511, 70.88057
31.900678, 70.879697
31.915831, 70.873685
31.908115, 70.874076
31.902859, 70.877803
31.916026, 70.885705
29.885426, 71.301846
29.877156, 71.30328
29.874924, 71.292279
29.873038, 71.29807
29.872403, 71.288121
29.874413, 71.301869
29.871523, 71.299744
29.87721, 71.287767
29.879247, 71.289502
29.886847, 71.299382
29.533211, 67.879772
29.534137, 67.877589
29.552748, 67.879742
29.535534, 67.870663
29.541412, 67.88132
29.547985, 67.867432
29.5466, 67.871588
29.55025, 67.883081
29.551094, 67.874741
29.54415, 67.883377
31.827764, 72.542635
31.825961, 72.531383
31.828505, 72.539131
31.831027, 72.545909
31.828356, 72.5469
31.824548, 72.535842
31.830108, 72.537556
31.834532, 72.547356
31.834269, 72.549566
31.822507, 72.54734
26.03716, 68.802606
26.029356, 68.814636
26.03405, 68.814337
26.024586, 68.798934
26.027537, 68.812468
26.033043, 68.799728
26.03962, 68.814333
26.038783, 68.817567
26.023881, 68.816513
26.02063, 68.818291
27.297759, 68.403705
27.298594, 68.404352
27.30055, 68.387925
27.300778, 68.392025
27.299124, 68.397975
27.314006, 68.406916
27.309289, 68.399841
27.304142, 68.402975
27.3142, 68.387385
27.31074, 68.394732
32.461995, 74.174072
32.458463, 74.188849
32.453979, 74.190014
32.464165, 74.178142
32.46274, 74.176516
32.458772, 74.18783
32.457757, 74.184182
32.459723, 74.181365
32.465051, 74.181637
32.462053, 74.174609
31.859667, 73.501328
31.866661, 73.502911
31.872863, 73.514368
31.865394, 73.508646
31.857273, 73.51754
31.85601, 73.505528
31.860153, 73.510995
31.863026, 73.499585
31.862906, 73.507046
31.859956, 73.4991
28.492925, 66.258479
28.493077, 66.252936
28.491183, 66.255426
28.491662, 66.257602
28.490125, 66.264486
28.489208, 66.257598
28.502277, 66.26968
28.493884, 66.261035
28.501499, 66.250764
28.49602, 66.26987
32.708363, 74.451192
32.71638, 74.454985
32.710259, 74.451556
32.714755, 74.445424
32.719277, 74.453411
32.722059, 74.454153
32.725948, 74.453808
32.723617, 74.44142
32.710204, 74.455615
32.717373, 74.451201
30.532513, 72.247461
30.536768, 72.233021
30.534291, 72.234964
30.528471, 72.243566
30.529954, 72.237664
30.529767, 72.237011
30.525896, 72.242675
30.521398, 72.243654
30.527455, 72.234761
30.534193, 72.240755
24.875891, 68.811842
24.885619, 68.81695
24.886085, 68.82004
24.883462, 68.809503
24.888313, 68.817627
24.875673, 68.818219
24.88995, 68.813264
24.875845, 68.807419
24.888677, 68.817134
24.891321, 68.811328
25.770861, 68.657926
25.776395, 68.661053
25.777199, 68.661394
25.761447, 68.654879
25.777002, 68.668704
25.760067, 68.666721
25.767676, 68.655373
25.76479, 68.670721
25.776258, 68.664521
25.775801, 68.668133
25.464513, 68.721781
25.467315, 68.723434
25.469144, 68.726939
25.468227, 68.709953
25.462455, 68.709466
25.46967, 68.724613
25.464229, 68.716248
25.456637, 68.707737
25.453874, 68.716746
25.458395, 68.714303
24.789528, 68.959457
24.78287, 68.973014
24.792113, 68.961453
24.779695, 68.975165
24.789559, 68.964775
24.794204, 68.971658
24.78889, 68.970585
24.791656, 68.974547
24.782742, 68.971867
24.796747, 68.971632
25.422058, 68.523839
25.418534, 68.536406
25.422719, 68.525797
25.426557, 68.527421
25.425736, 68.523174
25.434592, 68.53223
25.433935, 68.52339
25.420049, 68.526342
25.420944, 68.524447
25.433322, 68.530615
26.002149, 69.20071
26.003682, 69.206799
25.997063, 69.194546
25.990561, 69.212041
25.998315, 69.21051
25.997901, 69.207812
26.005242, 69.196491
25.996849, 69.197585
25.99278, 69.195793
25.993653, 69.203106
25.121644, 68.530429
25.130096, 68.532403
25.129498, 68.54182
25.116614, 68.531636
25.120106, 68.530264
25.114235, 68.546085
25.125021, 68.538216
25.117746, 68.530436
25.120791, 68.54345
25.117344, 68.527992
28.269663, 68.992922
28.275331, 68.997485
28.278735, 69.005684
28.280958, 69.006422
28.28154, 69.000224
28.274968, 68.997872
28.283352, 68.994187
28.28823, 68.993837
28.278857, 68.98864
28.272379, 68.995496
32.217436, 70.379274
32.215494, 70.379653
32.220645, 70.383763
32.217954, 70.378398
32.220207, 70.374965
32.208559, 70.385546
32.223342, 70.383381
32.212532, 70.392473
32.216891, 70.379316
32.221845, 70.38748
30.695387, 70.654587
30.712357, 70.646717
30.705463, 70.643743
30.70205, 70.65809
30.693741, 70.653823
30.707583, 70.649769
30.705767, 70.647786
30.708356, 70.653302
30.70878, 70.658186
30.694269, 70.653922
35.483531, 72.246934
35.468368, 72.236156
35.478597, 72.234745
35.477135, 72.236422
35.484912, 72.236432
35.487448, 72.247556
35.477967, 72.246412
35.484898, 72.248051
35.474478, 72.25111
35.47595, 72.240482
34.821601, 71.849184
34.820049, 71.847491
34.836392, 71.834428
34.820189, 71.838674
34.830166, 71.853405
34.823443, 71.847111
34.832337, 71.842038
34.821116, 71.852973
34.828873, 71.847084
34.825191, 71.846024
28.172162, 69.723795
28.157685, 69.734233
28.155931, 69.740039
28.159624, 69.727623
28.158255, 69.726939
28.171743, 69.72139
28.161797, 69.740348
28.16067, 69.724562
28.170588, 69.735204
28.157525, 69.724864
25.35569, 69.750664
25.37295, 69.73463
25.357706, 69.733793
25.355237, 69.732144
25.363748, 69.747738
25.368555, 69.740602
25.371392, 69.747671
25.363621, 69.745944
25.364265, 69.750525
25.367911, 69.751075
28.183911, 68.039506
28.186421, 68.037736
28.176671, 68.043134
28.18229, 68.051622
28.183974, 68.03445
28.181246, 68.03583
28.185213, 68.047033
28.174994, 68.046424
28.181429, 68.043368
28.16739, 68.037886
25.801405, 66.623491
25.804412, 66.61814
25.803207, 66.62687
25.806339, 66.628848
25.809315, 66.620499
25.809043, 66.623226
25.81211, 66.613933
25.80851, 66.630073
25.797432, 66.626315
25.802908, 66.621024
34.177889, 71.769166
34.186997, 71.755358
34.182314, 71.753479
34.184551, 71.769668
34.187198, 71.761317
34.186614, 71.763205
34.19701, 71.758728
34.182874, 71.754689
34.195744, 71.752928
34.182319, 71.758325
30.049057, 72.356565
30.044804, 72.359118
30.049955, 72.351341
30.04936, 72.35045
30.043965, 72.36553
30.04116, 72.348228
30.043056, 72.362483
30.037794, 72.354378
30.050723, 72.363753
30.051666, 72.352427
32.29028, 69.581462
32.291792, 69.576265
32.298586, 69.574315
32.299173, 69.564801
32.290862, 69.575657
32.302205, 69.575558
32.304449, 69.56808
32.306633, 69.580712
32.306186, 69.574119
32.298047, 69.567275
27.457803, 67.798549
27.43971, 67.78842
27.447829, 67.803589
27.443237, 67.794222
27.452007, 67.803087
27.439914, 67.788776
27.4467, 67.806093
27.456243, 67.801866
27.444816, 67.791282
27.444119, 67.801035
29.12135, 71.749735
29.118101, 71.752129
29.124895, 71.750673
29.119029, 71.751162
29.121799, 71.741275
29.121655, 71.743911
29.114619, 71.735941
29.112126, 71.746195
29.124384, 71.740679
29.127596, 71.742776
32.34186, 74.897935
32.341178, 74.893849
32.353226, 74.893712
32.335818, 74.905728
32.341647, 74.907777
32.346172, 74.90714
32.354241, 74.895148
32.345143, 74.907369
32.349595, 74.908011
32.347356, 74.908607
28.8135, 70.524027
28.808622, 70.521711
28.817473, 70.519129
28.815004, 70.527188
28.818865, 70.514261
28.803129, 70.52287
28.819242, 70.527593
28.807672, 70.526657
28.809104, 70.529084
28.809594, 70.52697
34.05457, 72.469499
34.056647, 72.466118
34.064455, 72.465807
34.050842, 72.465315
34.054518, 72.464916
34.062346, 72.46304
34.062462, 72.463453
34.054111, 72.472824
34.052316, 72.473168
34.063812, 72.462356
31.334413, 69.447297
31.340328, 69.448618
31.334667, 69.448195
31.343531, 69.458166
31.337747, 69.451922
31.34357, 69.45304
31.3398, 69.456873
31.348438, 69.455573
31.343029, 69.444459
31.339586, 69.454125
30.375642, 67.731736
30.382624, 67.715656
30.383802, 67.726374
30.389457, 67.721994
30.388547, 67.722538
30.388796, 67.717433
30.389344, 67.71849
30.381421, 67.725014
30.383185, 67.729648
30.388948, 67.732664
